Length |B|Tesla
0.00000000e+000	4.19400506e-001	
2.09520662e-001	3.52318218e-001	
4.19041325e-001	3.13862216e-001	
6.28561987e-001	2.96753214e-001	
8.38082649e-001	2.83389488e-001	
1.04760331e+000	2.76647145e-001	
1.25712397e+000	2.70084716e-001	
1.46664464e+000	2.65763040e-001	
1.67616530e+000	2.61770842e-001	
1.88568596e+000	2.57885322e-001	
2.09520662e+000	2.55048540e-001	
2.30472729e+000	2.52963396e-001	
2.51424795e+000	2.51159476e-001	
2.72376861e+000	2.49350391e-001	
2.93328927e+000	2.48470825e-001	
3.14280993e+000	2.47362116e-001	
3.35233060e+000	2.47073155e-001	
3.56185126e+000	2.46912794e-001	
3.77137192e+000	2.45941339e-001	
3.98089258e+000	2.45177669e-001	
4.19041325e+000	2.44335612e-001	
4.39993391e+000	2.43807271e-001	
4.60945457e+000	2.43624155e-001	
4.81897523e+000	2.43526601e-001	
5.02849589e+000	2.43268876e-001	
5.23801656e+000	2.43324927e-001	
5.44753722e+000	2.43411453e-001	
5.65705788e+000	2.43637273e-001	
5.86657854e+000	2.43934833e-001	
6.07609921e+000	2.43912682e-001	
6.28561987e+000	2.43858214e-001	
6.49514053e+000	2.43876114e-001	
6.70466119e+000	2.44049900e-001	
6.91418186e+000	2.44351408e-001	
7.12370252e+000	2.44469307e-001	
7.33322318e+000	2.44625398e-001	
7.54274384e+000	2.45081865e-001	
7.75226450e+000	2.45283047e-001	
7.96178517e+000	2.45436715e-001	
8.17130583e+000	2.45559509e-001	
8.38082649e+000	2.46008173e-001	
8.59034715e+000	2.46251961e-001	
8.79986782e+000	2.46637363e-001	
9.00938848e+000	2.46980911e-001	
9.21890914e+000	2.47299407e-001	
9.42842980e+000	2.47556364e-001	
9.63795046e+000	2.47918899e-001	
9.84747113e+000	2.48282930e-001	
1.00569918e+001	2.48557767e-001	
1.02665125e+001	2.48773863e-001	
1.04760331e+001	2.48992118e-001	
1.06855538e+001	2.49319858e-001	
1.08950744e+001	2.49642615e-001	
1.11045951e+001	2.50093575e-001	
1.13141158e+001	2.50431524e-001	
1.15236364e+001	2.50706714e-001	
1.17331571e+001	2.51002575e-001	
1.19426777e+001	2.51304594e-001	
1.21521984e+001	2.51564842e-001	
1.23617191e+001	2.51803134e-001	
1.25712397e+001	2.52089037e-001	
1.27807604e+001	2.52384030e-001	
1.29902811e+001	2.52691337e-001	
1.31998017e+001	2.53020123e-001	
1.34093224e+001	2.53290020e-001	
1.36188430e+001	2.53530742e-001	
1.38283637e+001	2.53836576e-001	
1.40378844e+001	2.54052172e-001	
1.42474050e+001	2.54280376e-001	
1.44569257e+001	2.54580792e-001	
1.46664464e+001	2.54883121e-001	
1.48759670e+001	2.55065101e-001	
1.50854877e+001	2.55233532e-001	
1.52950083e+001	2.55545866e-001	
1.55045290e+001	2.55813802e-001	
1.57140497e+001	2.55968453e-001	
1.59235703e+001	2.56164587e-001	
1.61330910e+001	2.56481531e-001	
1.63426117e+001	2.56670038e-001	
1.65521323e+001	2.56786969e-001	
1.67616530e+001	2.57001766e-001	
1.69711736e+001	2.57260589e-001	
1.71806943e+001	2.57446225e-001	
1.73902150e+001	2.57639949e-001	
1.75997356e+001	2.57803297e-001	
1.78092563e+001	2.57961473e-001	
1.80187770e+001	2.58116815e-001	
1.82282976e+001	2.58284701e-001	
1.84378183e+001	2.58443545e-001	
1.86473389e+001	2.58569171e-001	
1.88568596e+001	2.58693977e-001	
1.90663803e+001	2.58845688e-001	
1.92759009e+001	2.59004774e-001	
1.94854216e+001	2.59122457e-001	
1.96949423e+001	2.59217967e-001	
1.99044629e+001	2.59369129e-001	
2.01139836e+001	2.59488357e-001	
2.03235042e+001	2.59589281e-001	
2.05330249e+001	2.59682339e-001	
2.07425456e+001	2.59777001e-001	
2.09520662e+001	2.59847934e-001	
2.11615869e+001	2.59977758e-001	
2.13711076e+001	2.60075543e-001	
2.15806282e+001	2.60146023e-001	
2.17901489e+001	2.60183849e-001	
2.19996695e+001	2.60221956e-001	
2.22091902e+001	2.60302211e-001	
2.24187109e+001	2.60413619e-001	
2.26282315e+001	2.60449515e-001	
2.28377522e+001	2.60488907e-001	
2.30472729e+001	2.60486610e-001	
2.32567935e+001	2.60508007e-001	
2.34663142e+001	2.60627291e-001	
2.36758348e+001	2.60686472e-001	
2.38853555e+001	2.60668212e-001	
2.40948762e+001	2.60670380e-001	
2.43043968e+001	2.60697840e-001	
2.45139175e+001	2.60707238e-001	
2.47234381e+001	2.60703735e-001	
2.49329588e+001	2.60701311e-001	
2.51424795e+001	2.60699798e-001	
2.53520001e+001	2.60699669e-001	
2.55615208e+001	2.60690726e-001	
2.57710415e+001	2.60659844e-001	
2.59805621e+001	2.60622811e-001	
2.61900828e+001	2.60597651e-001	
2.63996034e+001	2.60541431e-001	
2.66091241e+001	2.60475297e-001	
2.68186448e+001	2.60428981e-001	
2.70281654e+001	2.60390328e-001	
2.72376861e+001	2.60351359e-001	
2.74472068e+001	2.60297806e-001	
2.76567274e+001	2.60209102e-001	
2.78662481e+001	2.60107293e-001	
2.80757687e+001	2.60057286e-001	
2.82852894e+001	2.59997312e-001	
2.84948101e+001	2.59932722e-001	
2.87043307e+001	2.59834583e-001	
2.89138514e+001	2.59704208e-001	
2.91233721e+001	2.59566458e-001	
2.93328927e+001	2.59449253e-001	
2.95424134e+001	2.59355287e-001	
2.97519340e+001	2.59261644e-001	
2.99614547e+001	2.59153139e-001	
3.01709754e+001	2.59018488e-001	
3.03804960e+001	2.58874889e-001	
3.05900167e+001	2.58731616e-001	
3.07995374e+001	2.58567743e-001	
3.10090580e+001	2.58408828e-001	
3.12185787e+001	2.58231592e-001	
3.14280993e+001	2.58082522e-001	
3.16376200e+001	2.57921248e-001	
3.18471407e+001	2.57749674e-001	
3.20566613e+001	2.57508716e-001	
3.22661820e+001	2.57269689e-001	
3.24757027e+001	2.57074566e-001	
3.26852233e+001	2.56920839e-001	
3.28947440e+001	2.56761290e-001	
3.31042646e+001	2.56537084e-001	
3.33137853e+001	2.56282445e-001	
3.35233060e+001	2.56024306e-001	
3.37328266e+001	2.55790991e-001	
3.39423473e+001	2.55546705e-001	
3.41518680e+001	2.55307900e-001	
3.43613886e+001	2.55070505e-001	
3.45709093e+001	2.54843751e-001	
3.47804299e+001	2.54536656e-001	
3.49899506e+001	2.54241722e-001	
3.51994713e+001	2.53985383e-001	
3.54089919e+001	2.53714123e-001	
3.56185126e+001	2.53379556e-001	
3.58280332e+001	2.52980624e-001	
3.60375539e+001	2.52623633e-001	
3.62470746e+001	2.52404019e-001	
3.64565952e+001	2.52185732e-001	
3.66661159e+001	2.51842022e-001	
3.68756366e+001	2.51430153e-001	
3.70851572e+001	2.51023808e-001	
3.72946779e+001	2.50643923e-001	
3.75041985e+001	2.50395685e-001	
3.77137192e+001	2.50158601e-001	
3.79232399e+001	2.49671506e-001	
3.81327605e+001	2.49238743e-001	
3.83422812e+001	2.48868018e-001	
3.85518019e+001	2.48499343e-001	
3.87613225e+001	2.48083994e-001	
3.89708432e+001	2.47637023e-001	
3.91803638e+001	2.47216968e-001	
3.93898845e+001	2.46820597e-001	
3.95994052e+001	2.46486653e-001	
3.98089258e+001	2.46003378e-001	
4.00184465e+001	2.45498022e-001	
4.02279672e+001	2.44988942e-001	
4.04374878e+001	2.44490410e-001	
4.06470085e+001	2.44098319e-001	
4.08565291e+001	2.43766540e-001	
4.10660498e+001	2.43220199e-001	
4.12755705e+001	2.42540507e-001	
4.14850911e+001	2.42082090e-001	
4.16946118e+001	2.41685017e-001	
4.19041325e+001	2.41448312e-001	
4.21136531e+001	2.40898320e-001	
4.23231738e+001	2.40304501e-001	
4.25326944e+001	2.39767228e-001	
4.27422151e+001	2.39236603e-001	
4.29517358e+001	2.38883376e-001	
4.31612564e+001	2.38422393e-001	
4.33707771e+001	2.37848307e-001	
4.35802978e+001	2.37268410e-001	
4.37898184e+001	2.36737589e-001	
4.39993391e+001	2.36343223e-001	
4.42088597e+001	2.36124740e-001	
4.44183804e+001	2.35690834e-001	
4.46279011e+001	2.35022609e-001	
4.48374217e+001	2.34526829e-001	
4.50469424e+001	2.34211776e-001	
4.52564631e+001	2.33946605e-001	
4.54659837e+001	2.33593068e-001	
4.56755044e+001	2.33016596e-001	
4.58850250e+001	2.32523918e-001	
4.60945457e+001	2.32082781e-001	
4.63040664e+001	2.31650682e-001	
4.65135870e+001	2.31479806e-001	
4.67231077e+001	2.31419203e-001	
4.69326284e+001	2.31178701e-001	
4.71421490e+001	2.31116650e-001	
4.73516697e+001	2.31174394e-001	
4.75611903e+001	2.30835458e-001	
4.77707110e+001	2.30706383e-001	
4.79802317e+001	2.30414419e-001	
4.81897523e+001	2.30285782e-001	
4.83992730e+001	2.30207222e-001	
4.86087936e+001	2.30291576e-001	
4.88183143e+001	2.30246183e-001	
4.90278350e+001	2.28451681e-001	
4.92373556e+001	2.27790471e-001	
4.94468763e+001	2.25434377e-001	
4.96563970e+001	2.20389846e-001	
4.98659176e+001	2.14998988e-001	
5.00754383e+001	2.07810080e-001	
5.02849589e+001	2.00548076e-001	
5.04944796e+001	1.92283878e-001	
5.07040003e+001	1.84792777e-001	
5.09135209e+001	1.76815482e-001	
5.11230416e+001	1.68885256e-001	
5.13325623e+001	1.61253170e-001	
5.15420829e+001	1.54225184e-001	
5.17516036e+001	1.47639490e-001	
5.19611242e+001	1.40594898e-001	
5.21706449e+001	1.35358357e-001	
5.23801656e+001	1.31106955e-001	
5.25896862e+001	1.27155804e-001	
5.27992069e+001	1.22783664e-001	
5.30087276e+001	1.18107556e-001	
5.32182482e+001	1.14686925e-001	
5.34277689e+001	1.11026641e-001	
5.36372895e+001	1.08316203e-001	
5.38468102e+001	1.05719273e-001	
5.40563309e+001	1.03209406e-001	
5.42658515e+001	1.00631963e-001	
5.44753722e+001	9.81499106e-002	
5.46848929e+001	9.63828502e-002	
5.48944135e+001	9.43472003e-002	
5.51039342e+001	9.21837930e-002	
5.53134548e+001	9.04331278e-002	
5.55229755e+001	8.89516556e-002	
5.57324962e+001	8.74377985e-002	
5.59420168e+001	8.61981285e-002	
5.61515375e+001	8.49091746e-002	
5.63610582e+001	8.37158772e-002	
5.65705788e+001	8.27822397e-002	
5.67800995e+001	8.20900245e-002	
5.69896201e+001	8.14742290e-002	
5.71991408e+001	8.09705361e-002	
5.74086615e+001	8.04556379e-002	
5.76181821e+001	8.00438492e-002	
5.78277028e+001	7.99054230e-002	
5.80372235e+001	7.98938544e-002	
5.82467441e+001	7.99123165e-002	
5.84562648e+001	8.00032974e-002	
5.86657854e+001	8.02387051e-002	
5.88753061e+001	8.05899589e-002	
5.90848268e+001	8.11947858e-002	
5.92943474e+001	8.17277814e-002	
5.95038681e+001	8.23906848e-002	
5.97133887e+001	8.33093550e-002	
5.99229094e+001	8.44814220e-002	
6.01324301e+001	8.58282457e-002	
6.03419507e+001	8.72088986e-002	
6.05514714e+001	8.87355971e-002	
6.07609921e+001	9.03084827e-002	
6.09705127e+001	9.20160562e-002	
6.11800334e+001	9.38989243e-002	
6.13895540e+001	9.57401662e-002	
6.15990747e+001	9.78468956e-002	
6.18085954e+001	1.00056654e-001	
6.20181160e+001	1.02525659e-001	
6.22276367e+001	1.05155282e-001	
6.24371574e+001	1.07926050e-001	
6.26466780e+001	1.10965570e-001	
6.28561987e+001	1.14217211e-001	
6.30657193e+001	1.17672100e-001	
6.32752400e+001	1.21645768e-001	
6.34847607e+001	1.25778670e-001	
6.36942813e+001	1.30425597e-001	
6.39038020e+001	1.35236332e-001	
6.41133227e+001	1.40608506e-001	
6.43228433e+001	1.47353498e-001	
6.45323640e+001	1.51613852e-001	
6.47418846e+001	1.56135921e-001	
6.49514053e+001	1.63148275e-001	
6.51609260e+001	1.70065541e-001	
6.53704466e+001	1.76698340e-001	
6.55799673e+001	1.82405743e-001	
6.57894880e+001	1.89989556e-001	
6.59990086e+001	2.00568216e-001	
6.62085293e+001	2.03181107e-001	
6.64180499e+001	2.04300181e-001	
6.66275706e+001	2.07196566e-001	
6.68370913e+001	2.11385647e-001	
6.70466119e+001	2.15255709e-001	
6.72561326e+001	2.15578749e-001	
6.74656533e+001	2.15937215e-001	
6.76751739e+001	2.17340426e-001	
6.78846946e+001	2.18522751e-001	
6.80942152e+001	2.19382793e-001	
6.83037359e+001	2.20799136e-001	
6.85132566e+001	2.21726395e-001	
6.87227772e+001	2.21409382e-001	
6.89322979e+001	2.21996998e-001	
6.91418186e+001	2.22788213e-001	
6.93513392e+001	2.23411484e-001	
6.95608599e+001	2.23917629e-001	
6.97703805e+001	2.24158164e-001	
6.99799012e+001	2.24785606e-001	
7.01894219e+001	2.25431885e-001	
7.03989425e+001	2.26128876e-001	
7.06084632e+001	2.26818010e-001	
7.08179839e+001	2.27476537e-001	
7.10275045e+001	2.28354339e-001	
7.12370252e+001	2.29179904e-001	
7.14465458e+001	2.29538868e-001	
7.16560665e+001	2.30179265e-001	
7.18655872e+001	2.30384602e-001	
7.20751078e+001	2.30774928e-001	
7.22846285e+001	2.31416265e-001	
7.24941491e+001	2.32332415e-001	
7.27036698e+001	2.33248610e-001	
7.29131905e+001	2.33723999e-001	
7.31227111e+001	2.34197831e-001	
7.33322318e+001	2.34701599e-001	
7.35417525e+001	2.35265582e-001	
7.37512731e+001	2.35941595e-001	
7.39607938e+001	2.36610751e-001	
7.41703144e+001	2.37482312e-001	
7.43798351e+001	2.37774243e-001	
7.45893558e+001	2.38291873e-001	
7.47988764e+001	2.39006995e-001	
7.50083971e+001	2.39384723e-001	
7.52179178e+001	2.39981634e-001	
7.54274384e+001	2.40583687e-001	
7.56369591e+001	2.41121427e-001	
7.58464797e+001	2.41753007e-001	
7.60560004e+001	2.42390413e-001	
7.62655211e+001	2.42769282e-001	
7.64750417e+001	2.43171929e-001	
7.66845624e+001	2.43625766e-001	
7.68940831e+001	2.44182000e-001	
7.71036037e+001	2.44682427e-001	
7.73131244e+001	2.45156779e-001	
7.75226450e+001	2.45482791e-001	
7.77321657e+001	2.46050035e-001	
7.79416864e+001	2.46644323e-001	
7.81512070e+001	2.47077941e-001	
7.83607277e+001	2.47488512e-001	
7.85702484e+001	2.47821941e-001	
7.87797690e+001	2.48162282e-001	
7.89892897e+001	2.48533650e-001	
7.91988103e+001	2.48947978e-001	
7.94083310e+001	2.49377243e-001	
7.96178517e+001	2.49796952e-001	
7.98273723e+001	2.50170371e-001	
8.00368930e+001	2.50538673e-001	
8.02464137e+001	2.50869932e-001	
8.04559343e+001	2.51197937e-001	
8.06654550e+001	2.51521948e-001	
8.08749756e+001	2.51850024e-001	
8.10844963e+001	2.52195326e-001	
8.12940170e+001	2.52498972e-001	
8.15035376e+001	2.52825483e-001	
8.17130583e+001	2.53093929e-001	
8.19225790e+001	2.53317057e-001	
8.21320996e+001	2.53629354e-001	
8.23416203e+001	2.53963750e-001	
8.25511409e+001	2.54122715e-001	
8.27606616e+001	2.54310678e-001	
8.29701823e+001	2.54653035e-001	
8.31797029e+001	2.54945839e-001	
8.33892236e+001	2.55121899e-001	
8.35987442e+001	2.55323477e-001	
8.38082649e+001	2.55555160e-001	
8.40177856e+001	2.55758927e-001	
8.42273062e+001	2.55979525e-001	
8.44368269e+001	2.56237335e-001	
8.46463476e+001	2.56430348e-001	
8.48558682e+001	2.56584427e-001	
8.50653889e+001	2.56733837e-001	
8.52749095e+001	2.56904493e-001	
8.54844302e+001	2.57082782e-001	
8.56939509e+001	2.57236252e-001	
8.59034715e+001	2.57387172e-001	
8.61129922e+001	2.57520984e-001	
8.63225129e+001	2.57637231e-001	
8.65320335e+001	2.57756800e-001	
8.67415542e+001	2.57906029e-001	
8.69510748e+001	2.58050683e-001	
8.71605955e+001	2.58154988e-001	
8.73701162e+001	2.58229681e-001	
8.75796368e+001	2.58353133e-001	
8.77891575e+001	2.58464376e-001	
8.79986782e+001	2.58521767e-001	
8.82081988e+001	2.58571521e-001	
8.84177195e+001	2.58658792e-001	
8.86272401e+001	2.58761460e-001	
8.88367608e+001	2.58821584e-001	
8.90462815e+001	2.58854865e-001	
8.92558021e+001	2.58885450e-001	
8.94653228e+001	2.58928014e-001	
8.96748435e+001	2.58987047e-001	
8.98843641e+001	2.59011158e-001	
9.00938848e+001	2.59035403e-001	
9.03034054e+001	2.59060708e-001	
9.05129261e+001	2.59081576e-001	
9.07224468e+001	2.59084774e-001	
9.09319674e+001	2.59084312e-001	
9.11414881e+001	2.59076947e-001	
9.13510088e+001	2.59070594e-001	
9.15605294e+001	2.59055701e-001	
9.17700501e+001	2.59034608e-001	
9.19795707e+001	2.58998277e-001	
9.21890914e+001	2.58962275e-001	
9.23986121e+001	2.58927076e-001	
9.26081327e+001	2.58888484e-001	
9.28176534e+001	2.58847921e-001	
9.30271741e+001	2.58770066e-001	
9.32366947e+001	2.58685805e-001	
9.34462154e+001	2.58604451e-001	
9.36557360e+001	2.58529451e-001	
9.38652567e+001	2.58477933e-001	
9.40747774e+001	2.58425178e-001	
9.42842980e+001	2.58303957e-001	
9.44938187e+001	2.58135539e-001	
9.47033394e+001	2.58043737e-001	
9.49128600e+001	2.57951193e-001	
9.51223807e+001	2.57820827e-001	
9.53319013e+001	2.57672225e-001	
9.55414220e+001	2.57486264e-001	
9.57509427e+001	2.57376637e-001	
9.59604633e+001	2.57242687e-001	
9.61699840e+001	2.57065279e-001	
9.63795046e+001	2.56934940e-001	
9.65890253e+001	2.56764335e-001	
9.67985460e+001	2.56576039e-001	
9.70080666e+001	2.56362945e-001	
9.72175873e+001	2.56162784e-001	
9.74271080e+001	2.55966950e-001	
9.76366286e+001	2.55754316e-001	
9.78461493e+001	2.55524537e-001	
9.80556699e+001	2.55315333e-001	
9.82651906e+001	2.55118792e-001	
9.84747113e+001	2.54872511e-001	
9.86842319e+001	2.54618253e-001	
9.88937526e+001	2.54323838e-001	
9.91032733e+001	2.54002672e-001	
9.93127939e+001	2.53786483e-001	
9.95223146e+001	2.53535780e-001	
9.97318352e+001	2.53231366e-001	
9.99413559e+001	2.52912967e-001	
1.00150877e+002	2.52597582e-001	
1.00360397e+002	2.52250481e-001	
1.00569918e+002	2.51899313e-001	
1.00779439e+002	2.51580477e-001	
1.00988959e+002	2.51255096e-001	
1.01198480e+002	2.50895333e-001	
1.01408001e+002	2.50531852e-001	
1.01617521e+002	2.50166381e-001	
1.01827042e+002	2.49709064e-001	
1.02036563e+002	2.49183042e-001	
1.02246083e+002	2.48868960e-001	
1.02455604e+002	2.48558122e-001	
1.02665125e+002	2.48037725e-001	
1.02874645e+002	2.47566464e-001	
1.03084166e+002	2.47196039e-001	
1.03293687e+002	2.46900888e-001	
1.03503207e+002	2.46408243e-001	
1.03712728e+002	2.45784738e-001	
1.03922248e+002	2.45165810e-001	
1.04131769e+002	2.44570581e-001	
1.04341290e+002	2.44062386e-001	
1.04550810e+002	2.43583631e-001	
1.04760331e+002	2.43119272e-001	
1.04969852e+002	2.42521016e-001	
1.05179372e+002	2.41968727e-001	
1.05388893e+002	2.41359498e-001	
1.05598414e+002	2.40708655e-001	
1.05807934e+002	2.40018293e-001	
1.06017455e+002	2.39456198e-001	
1.06226976e+002	2.38931720e-001	
1.06436496e+002	2.38201493e-001	
1.06646017e+002	2.37482843e-001	
1.06855538e+002	2.36795338e-001	
1.07065058e+002	2.36076036e-001	
1.07274579e+002	2.35321224e-001	
1.07484100e+002	2.34588511e-001	
1.07693620e+002	2.33968164e-001	
1.07903141e+002	2.33278879e-001	
1.08112662e+002	2.32334441e-001	
1.08322182e+002	2.31387342e-001	
1.08531703e+002	2.30527906e-001	
1.08741224e+002	2.29764285e-001	
1.08950744e+002	2.28662115e-001	
1.09160265e+002	2.27770328e-001	
1.09369786e+002	2.27043549e-001	
1.09579306e+002	2.26233260e-001	
1.09788827e+002	2.25236300e-001	
1.09998348e+002	2.24209726e-001	
1.10207868e+002	2.23245061e-001	
1.10417389e+002	2.22054287e-001	
1.10626910e+002	2.20927486e-001	
1.10836430e+002	2.20156006e-001	
1.11045951e+002	2.19491499e-001	
1.11255472e+002	2.18282518e-001	
1.11464992e+002	2.16860972e-001	
1.11674513e+002	2.15268211e-001	
1.11884034e+002	2.13717682e-001	
1.12093554e+002	2.12550377e-001	
1.12303075e+002	2.11710304e-001	
1.12512596e+002	2.10288715e-001	
1.12722116e+002	2.08569679e-001	
1.12931637e+002	2.06738021e-001	
1.13141158e+002	2.04651981e-001	
1.13350678e+002	2.03302717e-001	
1.13560199e+002	2.02017656e-001	
1.13769720e+002	2.00344781e-001	
1.13979240e+002	1.98087244e-001	
1.14188761e+002	1.95858012e-001	
1.14398282e+002	1.93199082e-001	
1.14607802e+002	1.90558584e-001	
1.14817323e+002	1.88324596e-001	
1.15026844e+002	1.85111754e-001	
1.15236364e+002	1.81538389e-001	
1.15445885e+002	1.77803823e-001	
1.15655406e+002	1.73615058e-001	
1.15864926e+002	1.69758789e-001	
1.16074447e+002	1.66316478e-001	
1.16283968e+002	1.61806670e-001	
1.16493488e+002	1.56913932e-001	
1.16703009e+002	1.52432303e-001	
1.16912530e+002	1.47729894e-001	
1.17122050e+002	1.42548025e-001	
1.17331571e+002	1.37631663e-001	
1.17541092e+002	1.33902527e-001	
1.17750612e+002	1.30137897e-001	
1.17960133e+002	1.25785365e-001	
1.18169654e+002	1.21453625e-001	
1.18379174e+002	1.17599681e-001	
1.18588695e+002	1.13816136e-001	
1.18798216e+002	1.10124479e-001	
1.19007736e+002	1.06855226e-001	
1.19217257e+002	1.03364964e-001	
1.19426777e+002	1.00077651e-001	
1.19636298e+002	9.72112730e-002	
1.19845819e+002	9.40956105e-002	
1.20055339e+002	9.11434756e-002	
1.20264860e+002	8.87845821e-002	
1.20474381e+002	8.67876399e-002	
1.20683901e+002	8.49279657e-002	
1.20893422e+002	8.29841880e-002	
1.21102943e+002	7.99085887e-002	
1.21312463e+002	7.87013309e-002	
1.21521984e+002	7.74919679e-002	
1.21731505e+002	7.60533209e-002	
1.21941025e+002	7.44917413e-002	
1.22150546e+002	7.30591985e-002	
1.22360067e+002	7.17268989e-002	
1.22569587e+002	7.04556974e-002	
1.22779108e+002	6.96439152e-002	
1.22988629e+002	6.88718714e-002	
1.23198149e+002	6.83906737e-002	
1.23407670e+002	6.80610983e-002	
1.23617191e+002	6.78137303e-002	
1.23826711e+002	6.76763761e-002	
1.24036232e+002	6.74431040e-002	
1.24245753e+002	6.74323119e-002	
1.24455273e+002	6.75946822e-002	
1.24664794e+002	6.79157260e-002	
1.24874315e+002	6.89023492e-002	
1.25083835e+002	6.94402612e-002	
1.25293356e+002	6.99964712e-002	
1.25502877e+002	7.06835502e-002	
1.25712397e+002	7.18997553e-002	
1.25921918e+002	7.29964033e-002	
1.26131439e+002	7.44024638e-002	
1.26340959e+002	7.57796191e-002	
1.26550480e+002	7.70108006e-002	
1.26760001e+002	7.84248379e-002	
1.26969521e+002	8.00550960e-002	
1.27179042e+002	8.18279474e-002	
1.27388563e+002	8.38331632e-002	
1.27598083e+002	8.62443586e-002	
1.27807604e+002	8.88010293e-002	
1.28017125e+002	9.16820742e-002	
1.28226645e+002	9.46410157e-002	
1.28436166e+002	9.68715948e-002	
1.28645687e+002	9.90636199e-002	
1.28855207e+002	1.01603049e-001	
1.29064728e+002	1.05008336e-001	
1.29274249e+002	1.08633938e-001	
1.29483769e+002	1.12299133e-001	
1.29693290e+002	1.16732772e-001	
1.29902811e+002	1.21228499e-001	
1.30112331e+002	1.25692840e-001	
1.30321852e+002	1.29394907e-001	
1.30531373e+002	1.32861255e-001	
1.30740893e+002	1.36451235e-001	
1.30950414e+002	1.40103082e-001	
1.31159935e+002	1.43812081e-001	
1.31369455e+002	1.47532503e-001	
1.31578976e+002	1.52273660e-001	
1.31788497e+002	1.55630201e-001	
1.31998017e+002	1.59080985e-001	
1.32207538e+002	1.62711573e-001	
1.32417059e+002	1.67087367e-001	
1.32626579e+002	1.71721768e-001	
1.32836100e+002	1.75664781e-001	
1.33045621e+002	1.78190800e-001	
1.33255141e+002	1.80184452e-001	
1.33464662e+002	1.82259432e-001	
1.33674183e+002	1.85024483e-001	
1.33883703e+002	1.88907546e-001	
1.34093224e+002	1.92198398e-001	
1.34302745e+002	1.93887830e-001	
1.34512265e+002	1.94875701e-001	
1.34721786e+002	1.95922875e-001	
1.34931307e+002	1.97028407e-001	
1.35140827e+002	1.99360442e-001	
1.35350348e+002	2.02238833e-001	
1.35559868e+002	2.04577783e-001	
1.35769389e+002	2.05687187e-001	
1.35978910e+002	2.06735531e-001	
1.36188430e+002	2.07816261e-001	
1.36397951e+002	2.09370511e-001	
1.36607472e+002	2.11548271e-001	
1.36816992e+002	2.13645530e-001	
1.37026513e+002	2.14576249e-001	
1.37236034e+002	2.15258739e-001	
1.37445554e+002	2.16011124e-001	
1.37655075e+002	2.16827534e-001	
1.37864596e+002	2.18102544e-001	
1.38074116e+002	2.19623868e-001	
1.38283637e+002	2.20832437e-001	
1.38493158e+002	2.21761766e-001	
1.38702678e+002	2.22701302e-001	
1.38912199e+002	2.23650915e-001	
1.39121720e+002	2.24729691e-001	
1.39331240e+002	2.25684337e-001	
1.39540761e+002	2.26580481e-001	
1.39750282e+002	2.27482681e-001	
1.39959802e+002	2.28543394e-001	
1.40169323e+002	2.29608543e-001	
1.40378844e+002	2.30459503e-001	
1.40588364e+002	2.31154012e-001	
1.40797885e+002	2.31854029e-001	
1.41007406e+002	2.32666120e-001	
1.41216926e+002	2.33547154e-001	
1.41426447e+002	2.34383592e-001	
1.41635968e+002	2.35088737e-001	
1.41845488e+002	2.35798971e-001	
1.42055009e+002	2.36511125e-001	
1.42264530e+002	2.37210828e-001	
1.42474050e+002	2.37912875e-001	
1.42683571e+002	2.38554319e-001	
1.42893092e+002	2.38820638e-001	
1.43102612e+002	2.40472216e-001	
1.43312133e+002	2.40675722e-001	
1.43521654e+002	2.41080419e-001	
1.43731174e+002	2.41760983e-001	
1.43940695e+002	2.42406408e-001	
1.44150216e+002	2.42936348e-001	
1.44359736e+002	2.43498809e-001	
1.44569257e+002	2.44098311e-001	
1.44778778e+002	2.44298016e-001	
1.44988298e+002	2.44341104e-001	
1.45197819e+002	2.45957165e-001	
1.45407340e+002	2.46062218e-001	
1.45616860e+002	2.46486505e-001	
1.45826381e+002	2.46970656e-001	
1.46035902e+002	2.47455538e-001	
1.46245422e+002	2.47936262e-001	
1.46454943e+002	2.48386152e-001	
1.46664464e+002	2.48833688e-001	
1.46873984e+002	2.49281985e-001	
1.47083505e+002	2.49623417e-001	
1.47293026e+002	2.49942412e-001	
1.47502546e+002	2.50250527e-001	
1.47712067e+002	2.50559241e-001	
1.47921588e+002	2.50887024e-001	
1.48131108e+002	2.51248093e-001	
1.48340629e+002	2.51594736e-001	
1.48550150e+002	2.51915144e-001	
1.48759670e+002	2.52226753e-001	
1.48969191e+002	2.52499985e-001	
1.49178712e+002	2.52894157e-001	
1.49388232e+002	2.53288602e-001	
1.49597753e+002	2.53568920e-001	
1.49807274e+002	2.53752379e-001	
1.50016794e+002	2.53936108e-001	
1.50226315e+002	2.54121079e-001	
1.50435836e+002	2.54307467e-001	
1.50645356e+002	2.54494124e-001	
1.50854877e+002	2.54685744e-001	
1.51064398e+002	2.54932274e-001	
1.51273918e+002	2.55185595e-001	
1.51483439e+002	2.55448426e-001	
1.51692959e+002	2.55680687e-001	
1.51902480e+002	2.55800456e-001	
1.52112001e+002	2.55915141e-001	
1.52321521e+002	2.56030006e-001	
1.52531042e+002	2.56189848e-001	
1.52740563e+002	2.56314386e-001	
1.52950083e+002	2.56467059e-001	
1.53159604e+002	2.56619941e-001	
1.53369125e+002	2.56756447e-001	
1.53578645e+002	2.56888860e-001	
1.53788166e+002	2.57028922e-001	
1.53997687e+002	2.57178232e-001	
1.54207207e+002	2.57270765e-001	
1.54416728e+002	2.57334685e-001	
1.54626249e+002	2.57395692e-001	
1.54835769e+002	2.57456833e-001	
1.55045290e+002	2.57518350e-001	
1.55254811e+002	2.57586696e-001	
1.55464331e+002	2.57631002e-001	
1.55673852e+002	2.57674193e-001	
1.55883373e+002	2.57717520e-001	
1.56092893e+002	2.57760983e-001	
1.56302414e+002	2.57804581e-001	
1.56511935e+002	2.57794825e-001	
1.56721455e+002	2.57779405e-001	
1.56930976e+002	2.57765522e-001	
1.57140497e+002	2.57760536e-001	
1.57350017e+002	2.57763039e-001	
1.57559538e+002	2.57765665e-001	
1.57769059e+002	2.57763164e-001	
1.57978579e+002	2.57723037e-001	
1.58188100e+002	2.57683050e-001	
1.58397621e+002	2.57615015e-001	
1.58607141e+002	2.57567919e-001	
1.58816662e+002	2.57531211e-001	
1.59026183e+002	2.57495041e-001	
1.59235703e+002	2.57446713e-001	
1.59445224e+002	2.57330926e-001	
1.59654745e+002	2.57220579e-001	
1.59864265e+002	2.57122804e-001	
1.60073786e+002	2.57038193e-001	
1.60283307e+002	2.56945314e-001	
1.60492827e+002	2.56810531e-001	
1.60702348e+002	2.56681842e-001	
1.60911869e+002	2.56556813e-001	
1.61121389e+002	2.56405697e-001	
1.61330910e+002	2.56223484e-001	
1.61540431e+002	2.56041468e-001	
1.61749951e+002	2.55859651e-001	
1.61959472e+002	2.55678033e-001	
1.62168993e+002	2.55496614e-001	
1.62378513e+002	2.55314510e-001	
1.62588034e+002	2.55079948e-001	
1.62797555e+002	2.54824629e-001	
1.63007075e+002	2.54645548e-001	
1.63216596e+002	2.54466682e-001	
1.63426117e+002	2.54288030e-001	
1.63635637e+002	2.54109595e-001	
1.63845158e+002	2.53931375e-001	
1.64054679e+002	2.53623748e-001	
1.64264199e+002	2.53266601e-001	
1.64473720e+002	2.52909695e-001	
1.64683241e+002	2.52574499e-001	
1.64892761e+002	2.52289372e-001	
1.65102282e+002	2.52005067e-001	
1.65311803e+002	2.51720979e-001	
1.65521323e+002	2.51404898e-001	
1.65730844e+002	2.51035921e-001	
1.65940365e+002	2.50667276e-001	
1.66149885e+002	2.50296495e-001	
1.66359406e+002	2.49919780e-001	
1.66568927e+002	2.49543594e-001	
1.66778447e+002	2.49416582e-001	
1.66987968e+002	2.49296864e-001	
1.67197488e+002	2.47922469e-001	
1.67407009e+002	2.47755282e-001	
1.67616530e+002	2.47441248e-001	
1.67826050e+002	2.46923353e-001	
1.68035571e+002	2.46407378e-001	
1.68245092e+002	2.45943216e-001	
1.68454612e+002	2.45496127e-001	
1.68664133e+002	2.44987805e-001	
1.68873654e+002	2.44449974e-001	
1.69083174e+002	2.43874139e-001	
1.69292695e+002	2.43268740e-001	
1.69502216e+002	2.42631088e-001	
1.69711736e+002	2.42084128e-001	
1.69921257e+002	2.41469594e-001	
1.70130778e+002	2.40810945e-001	
1.70340298e+002	2.40081394e-001	
1.70549819e+002	2.39537062e-001	
1.70759340e+002	2.38953652e-001	
1.70968860e+002	2.38088837e-001	
1.71178381e+002	2.37339075e-001	
1.71387902e+002	2.36675649e-001	
1.71597422e+002	2.35839945e-001	
1.71806943e+002	2.34950800e-001	
1.72016464e+002	2.34243861e-001	
1.72225984e+002	2.33410460e-001	
1.72435505e+002	2.32572404e-001	
1.72645026e+002	2.31617277e-001	
1.72854546e+002	2.30684151e-001	
1.73064067e+002	2.29858187e-001	
1.73273588e+002	2.29034593e-001	
1.73483108e+002	2.28015584e-001	
1.73692629e+002	2.26961671e-001	
1.73902150e+002	2.25825113e-001	
1.74111670e+002	2.24835647e-001	
1.74321191e+002	2.23761142e-001	
1.74530712e+002	2.22526073e-001	
1.74740232e+002	2.21497435e-001	
1.74949753e+002	2.20411469e-001	
1.75159274e+002	2.19150158e-001	
1.75368794e+002	2.17631325e-001	
1.75578315e+002	2.16431352e-001	
1.75787836e+002	2.15271571e-001	
1.75997356e+002	2.13898425e-001	
1.76206877e+002	2.12379206e-001	
1.76416398e+002	2.10871840e-001	
1.76625918e+002	2.09255908e-001	
1.76835439e+002	2.07275407e-001	
1.77044960e+002	2.05564584e-001	
1.77254480e+002	2.04094532e-001	
1.77464001e+002	2.02591183e-001	
1.77673522e+002	2.00414977e-001	
1.77883042e+002	1.98906427e-001	
1.78092563e+002	1.97471610e-001	
1.78302084e+002	1.95066309e-001	
1.78511604e+002	1.92678189e-001	
1.78721125e+002	1.90691455e-001	
1.78930646e+002	1.88587546e-001	
1.79140166e+002	1.86184959e-001	
1.79349687e+002	1.83828313e-001	
1.79559208e+002	1.81535253e-001	
1.79768728e+002	1.79250227e-001	
1.79978249e+002	1.76243300e-001	
1.80187770e+002	1.73192017e-001	
1.80397290e+002	1.70181881e-001	
1.80606811e+002	1.67223695e-001	
1.80816332e+002	1.64229868e-001	
1.81025852e+002	1.61073729e-001	
1.81235373e+002	1.57902529e-001	
1.81444894e+002	1.54467129e-001	
1.81654414e+002	1.50986538e-001	
1.81863935e+002	1.47228691e-001	
1.82073456e+002	1.43008763e-001	
1.82282976e+002	1.39676647e-001	
1.82492497e+002	1.36558609e-001	
1.82702018e+002	1.32709327e-001	
1.82911538e+002	1.28612715e-001	
1.83121059e+002	1.25002315e-001	
1.83330579e+002	1.21661023e-001	
1.83540100e+002	1.17899949e-001	
1.83749621e+002	1.14227419e-001	
1.83959141e+002	1.10603737e-001	
1.84168662e+002	1.07378031e-001	
1.84378183e+002	1.03827473e-001	
1.84587703e+002	1.00414564e-001	
1.84797224e+002	9.71425485e-002	
1.85006745e+002	9.39214862e-002	
1.85216265e+002	9.08352953e-002	
1.85425786e+002	8.79395419e-002	
1.85635307e+002	8.50170115e-002	
1.85844827e+002	8.23122199e-002	
1.86054348e+002	7.95182334e-002	
1.86263869e+002	7.65230704e-002	
1.86473389e+002	7.47737255e-002	
1.86682910e+002	7.30082596e-002	
1.86892431e+002	7.05909160e-002	
1.87101951e+002	6.77003258e-002	
1.87311472e+002	6.55583353e-002	
1.87520993e+002	6.37693870e-002	
1.87730513e+002	6.21259145e-002	
1.87940034e+002	6.06095176e-002	
1.88149555e+002	5.90854870e-002	
1.88359075e+002	5.76814525e-002	
1.88568596e+002	5.64025244e-002	
1.88778117e+002	5.52879530e-002	
1.88987637e+002	5.41191882e-002	
1.89197158e+002	5.33586111e-002	
1.89406679e+002	5.26189123e-002	
1.89616199e+002	5.23556814e-002	
1.89825720e+002	5.21376530e-002	
1.90035241e+002	5.20236737e-002	
1.90244761e+002	5.20067580e-002	
1.90454282e+002	5.22797600e-002	
1.90663803e+002	5.25694744e-002	
1.90873323e+002	5.31625934e-002	
1.91082844e+002	5.39336888e-002	
1.91292365e+002	5.48205264e-002	
1.91501885e+002	5.58231675e-002	
1.91711406e+002	5.69171541e-002	
1.91920927e+002	5.81564287e-002	
1.92130447e+002	5.92600890e-002	
1.92339968e+002	6.11855875e-002	
1.92549489e+002	6.34094155e-002	
1.92759009e+002	6.47377986e-002	
1.92968530e+002	6.60410891e-002	
1.93178051e+002	6.80050250e-002	
1.93387571e+002	7.04463043e-002	
1.93597092e+002	7.29029652e-002	
1.93806613e+002	7.50557727e-002	
1.94016133e+002	7.76900635e-002	
1.94225654e+002	8.07035485e-002	
1.94435175e+002	8.36170041e-002	
1.94644695e+002	8.61300460e-002	
1.94854216e+002	8.89823733e-002	
1.95063737e+002	9.18216111e-002	
1.95273257e+002	9.46327162e-002	
1.95482778e+002	9.74773713e-002	
1.95692299e+002	1.00384294e-001	
1.95901819e+002	1.03900650e-001	
1.96111340e+002	1.07654802e-001	
1.96320861e+002	1.11812632e-001	
1.96530381e+002	1.16083250e-001	
1.96739902e+002	1.19107145e-001	
1.96949423e+002	1.22170819e-001	
1.97158943e+002	1.25228775e-001	
1.97368464e+002	1.28998993e-001	
1.97577985e+002	1.33558432e-001	
1.97787505e+002	1.36551944e-001	
1.97997026e+002	1.39335504e-001	
1.98206547e+002	1.42387432e-001	
1.98416067e+002	1.46432144e-001	
1.98625588e+002	1.49557550e-001	
1.98835109e+002	1.52589892e-001	
1.99044629e+002	1.56869823e-001	
1.99254150e+002	1.59970791e-001	
1.99463670e+002	1.62339561e-001	
1.99673191e+002	1.65610864e-001	
1.99882712e+002	1.68392049e-001	
2.00092232e+002	1.71067467e-001	
2.00301753e+002	1.73774396e-001	
2.00511274e+002	1.76313878e-001	
2.00720794e+002	1.78838508e-001	
2.00930315e+002	1.81197475e-001	
2.01139836e+002	1.83450766e-001	
2.01349356e+002	1.85757671e-001	
2.01558877e+002	1.88261959e-001	
2.01768398e+002	1.90330216e-001	
2.01977918e+002	1.92236859e-001	
2.02187439e+002	1.94096460e-001	
2.02396960e+002	1.96032928e-001	
2.02606480e+002	1.98058397e-001	
2.02816001e+002	1.99820027e-001	
2.03025522e+002	2.01610044e-001	
2.03235042e+002	2.03227310e-001	
2.03444563e+002	2.04930088e-001	
2.03654084e+002	2.06533846e-001	
2.03863604e+002	2.08209308e-001	
2.04073125e+002	2.09683450e-001	
2.04282646e+002	2.11131364e-001	
2.04492166e+002	2.12467852e-001	
2.04701687e+002	2.13954543e-001	
2.04911208e+002	2.15410278e-001	
2.05120728e+002	2.16644615e-001	
2.05330249e+002	2.18080109e-001	
2.05539770e+002	2.19360538e-001	
2.05749290e+002	2.20716649e-001	
2.05958811e+002	2.21856051e-001	
2.06168332e+002	2.22895503e-001	
2.06377852e+002	2.23918252e-001	
2.06587373e+002	2.24897313e-001	
2.06796894e+002	2.25665907e-001	
2.07006414e+002	2.26110911e-001	
2.07215935e+002	2.28771056e-001	
2.07425456e+002	2.29279830e-001	
2.07634976e+002	2.30083971e-001	
2.07844497e+002	2.30971988e-001	
2.08054018e+002	2.31880338e-001	
2.08263538e+002	2.32732317e-001	
2.08473059e+002	2.33549649e-001	
2.08682580e+002	2.34397319e-001	
2.08892100e+002	2.35253991e-001	
2.09101621e+002	2.36114500e-001	
2.09311142e+002	2.36853125e-001	
2.09520662e+002	2.37379872e-001	
2.09730183e+002	2.37968222e-001	
2.09939704e+002	2.38712339e-001	
2.10149224e+002	2.39457317e-001	
2.10358745e+002	2.40203148e-001	
2.10568266e+002	2.40949825e-001	
2.10777786e+002	2.41697340e-001	
2.10987307e+002	2.42374836e-001	
2.11196828e+002	2.42833641e-001	
2.11406348e+002	2.43272130e-001	
2.11615869e+002	2.43766737e-001	
2.11825390e+002	2.44267665e-001	
2.12034910e+002	2.44769219e-001	
2.12244431e+002	2.45333786e-001	
2.12453952e+002	2.45921539e-001	
2.12663472e+002	2.46454445e-001	
2.12872993e+002	2.46967311e-001	
2.13082514e+002	2.47480396e-001	
2.13292034e+002	2.47993700e-001	
2.13501555e+002	2.48437820e-001	
2.13711076e+002	2.48753362e-001	
2.13920596e+002	2.49069148e-001	
2.14130117e+002	2.49385177e-001	
2.14339638e+002	2.49701447e-001	
2.14549158e+002	2.50017958e-001	
2.14758679e+002	2.50334708e-001	
2.14968199e+002	2.50651697e-001	
2.15177720e+002	2.50968925e-001	
2.15387241e+002	2.51312685e-001	
2.15596761e+002	2.51648102e-001	
2.15806282e+002	2.51943158e-001	
2.16015803e+002	2.52238361e-001	
2.16225323e+002	2.52533712e-001	
2.16434844e+002	2.52829211e-001	
2.16644365e+002	2.53124856e-001	
2.16853885e+002	2.53420647e-001	
2.17063406e+002	2.53716584e-001	
2.17272927e+002	2.54012666e-001	
2.17482447e+002	2.54214155e-001	
2.17691968e+002	2.54367971e-001	
2.17901489e+002	2.54521915e-001	
2.18111009e+002	2.54675987e-001	
2.18320530e+002	2.54830187e-001	
2.18530051e+002	2.54984514e-001	
2.18739571e+002	2.55138968e-001	
2.18949092e+002	2.55293548e-001	
2.19158613e+002	2.55497126e-001	
2.19368133e+002	2.55631397e-001	
2.19577654e+002	2.55765757e-001	
2.19787175e+002	2.55900206e-001	
2.19996695e+002	2.56034743e-001	
2.20206216e+002	2.56169368e-001	
2.20415737e+002	2.56304082e-001	
2.20625257e+002	2.56438883e-001	
2.20834778e+002	2.56517591e-001	
2.21044299e+002	2.56563113e-001	
2.21253819e+002	2.56600508e-001	
2.21463340e+002	2.56637983e-001	
2.21672861e+002	2.56675540e-001	
2.21882381e+002	2.56713177e-001	
2.22091902e+002	2.56750895e-001	
2.22301423e+002	2.56788694e-001	
2.22510943e+002	2.56826573e-001	
2.22720464e+002	2.56854687e-001	
2.22929985e+002	2.56817746e-001	
2.23139505e+002	2.56780834e-001	
2.23349026e+002	2.56743951e-001	
2.23558547e+002	2.56751838e-001	
2.23768067e+002	2.56761120e-001	
2.23977588e+002	2.56770491e-001	
2.24187109e+002	2.56734916e-001	
2.24396629e+002	2.56675395e-001	
2.24606150e+002	2.56615944e-001	
2.24815671e+002	2.56556563e-001	
2.25025191e+002	2.56493281e-001	
2.25234712e+002	2.56428138e-001	
2.25444233e+002	2.56315340e-001	
2.25653753e+002	2.56193144e-001	
2.25863274e+002	2.56071009e-001	
2.26072795e+002	2.55948933e-001	
2.26282315e+002	2.55826918e-001	
2.26491836e+002	2.55704963e-001	
2.26701357e+002	2.55583069e-001	
2.26910877e+002	2.55439268e-001	
2.27120398e+002	2.55248910e-001	
2.27329919e+002	2.55032898e-001	
2.27539439e+002	2.54818566e-001	
2.27748960e+002	2.54643630e-001	
2.27958481e+002	2.54468784e-001	
2.28168001e+002	2.54243618e-001	
2.28377522e+002	2.54005648e-001	
2.28587043e+002	2.53820399e-001	
2.28796563e+002	2.53725400e-001	
2.29006084e+002	2.53662852e-001	
2.29215605e+002	2.52976709e-001	
2.29425125e+002	2.52915714e-001	
2.29634646e+002	2.52650492e-001	
2.29844167e+002	2.52355341e-001	
2.30053687e+002	2.52055086e-001	
2.30263208e+002	2.51749677e-001	
2.30472729e+002	2.51434437e-001	
2.30682249e+002	2.51147066e-001	
2.30891770e+002	2.51075704e-001	
2.31101290e+002	2.50169417e-001	
2.31310811e+002	2.50051808e-001	
2.31520332e+002	2.49788524e-001	
2.31729852e+002	2.49394194e-001	
2.31939373e+002	2.48984808e-001	
2.32148894e+002	2.48557939e-001	
2.32358414e+002	2.48127671e-001	
2.32567935e+002	2.47740195e-001	
2.32777456e+002	2.47378379e-001	
2.32986976e+002	2.46957129e-001	
2.33196497e+002	2.46444788e-001	
2.33406018e+002	2.45918110e-001	
2.33615538e+002	2.45385422e-001	
2.33825059e+002	2.44814334e-001	
2.34034580e+002	2.44243688e-001	
2.34244100e+002	2.43762443e-001	
2.34453621e+002	2.43222678e-001	
2.34663142e+002	2.42571474e-001	
2.34872662e+002	2.41901047e-001	
2.35082183e+002	2.41230905e-001	
2.35291704e+002	2.40561050e-001	
2.35501224e+002	2.39869388e-001	
2.35710745e+002	2.39144555e-001	
2.35920266e+002	2.38420223e-001	
2.36129786e+002	2.37696398e-001	
2.36339307e+002	2.36984631e-001	
2.36548828e+002	2.36282160e-001	
2.36758348e+002	2.35550736e-001	
2.36967869e+002	2.34819186e-001	
2.37177390e+002	2.34082126e-001	
2.37386910e+002	2.33344213e-001	
2.37596431e+002	2.32606813e-001	
2.37805952e+002	2.31838601e-001	
2.38015472e+002	2.30797655e-001	
2.38224993e+002	2.29757153e-001	
2.38434514e+002	2.28712998e-001	
2.38644034e+002	2.27655409e-001	
2.38853555e+002	2.26599444e-001	
2.39063076e+002	2.25545126e-001	
2.39272596e+002	2.24492479e-001	
2.39482117e+002	2.23441524e-001	
2.39691638e+002	2.22392288e-001	
2.39901158e+002	2.21170588e-001	
2.40110679e+002	2.19962226e-001	
2.40320200e+002	2.18756173e-001	
2.40529720e+002	2.17552468e-001	
2.40739241e+002	2.16351150e-001	
2.40948762e+002	2.15152260e-001	
2.41158282e+002	2.13955837e-001	
2.41367803e+002	2.12260047e-001	
2.41577324e+002	2.10434430e-001	
2.41786844e+002	2.08613210e-001	
2.41996365e+002	2.06732347e-001	
2.42205886e+002	2.04662857e-001	
2.42415406e+002	2.02594825e-001	
2.42624927e+002	2.00528296e-001	
2.42834448e+002	1.98469068e-001	
2.43043968e+002	1.96768523e-001	
2.43253489e+002	1.95072023e-001	
2.43463010e+002	1.93222894e-001	
2.43672530e+002	1.91299869e-001	
2.43882051e+002	1.89390862e-001	
2.44091572e+002	1.87488794e-001	
2.44301092e+002	1.85528991e-001	
2.44510613e+002	1.83580327e-001	
2.44720134e+002	1.81643160e-001	
2.44929654e+002	1.79717863e-001	
2.45139175e+002	1.76844335e-001	
2.45348696e+002	1.73730750e-001	
2.45558216e+002	1.70636091e-001	
2.45767737e+002	1.67561408e-001	
2.45977258e+002	1.64507820e-001	
2.46186778e+002	1.61476524e-001	
2.46396299e+002	1.58251942e-001	
2.46605820e+002	1.54907851e-001	
2.46815340e+002	1.51570758e-001	
2.47024861e+002	1.48241135e-001	
2.47234381e+002	1.44767349e-001	
2.47443902e+002	1.41053271e-001	
2.47653423e+002	1.37348414e-001	
2.47862943e+002	1.33653544e-001	
2.48072464e+002	1.29969514e-001	
2.48281985e+002	1.26297273e-001	
2.48491505e+002	1.22621948e-001	
2.48701026e+002	1.18925974e-001	
2.48910547e+002	1.15295302e-001	
2.49120067e+002	1.11712472e-001	
2.49329588e+002	1.08155217e-001	
2.49539109e+002	1.04626145e-001	
2.49748629e+002	1.01128208e-001	
2.49958150e+002	9.79486110e-002	
2.50167671e+002	9.48761464e-002	
2.50377191e+002	9.18674451e-002	
2.50586712e+002	8.87909564e-002	
2.50796233e+002	8.55570273e-002	
2.51005753e+002	8.23398322e-002	
2.51215274e+002	7.91414119e-002	
2.51424795e+002	7.57087182e-002	
2.51634315e+002	7.21321115e-002	
2.51843836e+002	6.90158248e-002	
2.52053357e+002	6.65156850e-002	
2.52262877e+002	6.45622195e-002	
2.52472398e+002	6.21742955e-002	
2.52681919e+002	5.93198621e-002	
2.52891439e+002	5.78558046e-002	
2.53100960e+002	5.23124392e-002	
2.53310481e+002	5.10586602e-002	
2.53520001e+002	4.94053530e-002	
2.53729522e+002	4.72929706e-002	
2.53939043e+002	4.54091894e-002	
2.54148563e+002	4.35652722e-002	
2.54358084e+002	4.17922212e-002	
2.54567605e+002	4.00620760e-002	
2.54777125e+002	3.84414878e-002	
2.54986646e+002	3.75179134e-002	
2.55196167e+002	3.67884490e-002	
2.55405687e+002	3.58452204e-002	
2.55615208e+002	3.50070987e-002	
2.55824729e+002	3.45024228e-002	
2.56034249e+002	3.44243499e-002	
2.56243770e+002	3.45391597e-002	
2.56453291e+002	3.46427449e-002	
2.56662811e+002	3.47312271e-002	
2.56872332e+002	3.50641263e-002	
2.57081853e+002	3.69597622e-002	
2.57291373e+002	3.85562218e-002	
2.57500894e+002	3.97306480e-002	
2.57710415e+002	4.10174801e-002	
2.57919935e+002	4.23107578e-002	
2.58129456e+002	4.40504130e-002	
2.58338977e+002	4.65021942e-002	
2.58548497e+002	4.89105589e-002	
2.58758018e+002	5.08804141e-002	
2.58967539e+002	5.28550033e-002	
2.59177059e+002	5.55436126e-002	
2.59386580e+002	5.82287082e-002	
2.59596101e+002	6.07310660e-002	
2.59805621e+002	6.33890710e-002	
2.60015142e+002	6.60823695e-002	
2.60224663e+002	6.89795556e-002	
2.60434183e+002	7.24498323e-002	
2.60643704e+002	7.52272965e-002	
2.60853225e+002	7.80878819e-002	
2.61062745e+002	8.10886648e-002	
2.61272266e+002	8.42844797e-002	
2.61481787e+002	8.74259984e-002	
2.61691307e+002	9.06258078e-002	
2.61900828e+002	9.36902462e-002	
2.62110349e+002	9.69303441e-002	
2.62319869e+002	1.00268552e-001	
2.62529390e+002	1.03652859e-001	
2.62738910e+002	1.07221545e-001	
2.62948431e+002	1.10634416e-001	
2.63157952e+002	1.14191219e-001	
2.63367472e+002	1.17488817e-001	
2.63576993e+002	1.20628395e-001	
2.63786514e+002	1.23729432e-001	
2.63996034e+002	1.26997668e-001	
2.64205555e+002	1.30536532e-001	
2.64415076e+002	1.34321820e-001	
2.64624596e+002	1.37872895e-001	
2.64834117e+002	1.41123964e-001	
2.65043638e+002	1.43825670e-001	
2.65253158e+002	1.46506708e-001	
2.65462679e+002	1.49687306e-001	
2.65672200e+002	1.53040751e-001	
2.65881720e+002	1.56271076e-001	
2.66091241e+002	1.59495906e-001	
2.66300762e+002	1.62265027e-001	
2.66510282e+002	1.64981737e-001	
2.66719803e+002	1.67762892e-001	
2.66929324e+002	1.70399725e-001	
2.67138844e+002	1.72715856e-001	
2.67348365e+002	1.75085981e-001	
2.67557886e+002	1.77771301e-001	
2.67767406e+002	1.80426224e-001	
2.67976927e+002	1.82780628e-001	
2.68186448e+002	1.85150958e-001	
2.68395968e+002	1.87444911e-001	
2.68605489e+002	1.89688639e-001	
2.68815010e+002	1.91419522e-001	
2.69024530e+002	1.93170045e-001	
2.69234051e+002	1.95275629e-001	
2.69443572e+002	1.97508571e-001	
2.69653092e+002	1.99703256e-001	
2.69862613e+002	2.01286259e-001	
2.70072134e+002	2.02557137e-001	
2.70281654e+002	2.04665295e-001	
2.70491175e+002	2.06410362e-001	
2.70700696e+002	2.08212517e-001	
2.70910216e+002	2.09506196e-001	
2.71119737e+002	2.10913074e-001	
2.71329258e+002	2.12589034e-001	
2.71538778e+002	2.14072031e-001	
2.71748299e+002	2.15375071e-001	
2.71957820e+002	2.16729358e-001	
2.72167340e+002	2.18115155e-001	
2.72376861e+002	2.19453666e-001	
2.72586382e+002	2.20614368e-001	
2.72795902e+002	2.21817373e-001	
2.73005423e+002	2.22958068e-001	
2.73214944e+002	2.24111343e-001	
2.73424464e+002	2.25372918e-001	
2.73633985e+002	2.26483719e-001	
2.73843506e+002	2.27432524e-001	
2.74053026e+002	2.28440483e-001	
2.74262547e+002	2.29455498e-001	
2.74472068e+002	2.30410846e-001	
2.74681588e+002	2.31403305e-001	
2.74891109e+002	2.32384654e-001	
2.75100630e+002	2.33334680e-001	
2.75310150e+002	2.34045066e-001	
2.75519671e+002	2.34718964e-001	
2.75729192e+002	2.35547731e-001	
2.75938712e+002	2.36321536e-001	
2.76148233e+002	2.37084395e-001	
2.76357754e+002	2.37909578e-001	
2.76567274e+002	2.38636052e-001	
2.76776795e+002	2.39293123e-001	
2.76986316e+002	2.39912563e-001	
2.77195836e+002	2.40600640e-001	
2.77405357e+002	2.41251397e-001	
2.77614878e+002	2.41852187e-001	
2.77824398e+002	2.42433643e-001	
2.78033919e+002	2.43045162e-001	
2.78243440e+002	2.43634167e-001	
2.78452960e+002	2.44148406e-001	
2.78662481e+002	2.44657027e-001	
2.78872001e+002	2.45152439e-001	
2.79081522e+002	2.45651856e-001	
2.79291043e+002	2.46187166e-001	
2.79500563e+002	2.46676743e-001	
2.79710084e+002	2.47079716e-001	
2.79919605e+002	2.47542961e-001	
2.80129125e+002	2.47994358e-001	
2.80338646e+002	2.48387059e-001	
2.80548167e+002	2.48759422e-001	
2.80757687e+002	2.49139524e-001	
2.80967208e+002	2.49533042e-001	
2.81176729e+002	2.49901269e-001	
2.81386249e+002	2.50229078e-001	
2.81595770e+002	2.50554077e-001	
2.81805291e+002	2.50896615e-001	
2.82014811e+002	2.51211084e-001	
2.82224332e+002	2.51501761e-001	
2.82433853e+002	2.51797432e-001	
2.82643373e+002	2.52077125e-001	
2.82852894e+002	2.52343322e-001	
2.83062415e+002	2.52600732e-001	
2.83271935e+002	2.52853152e-001	
2.83481456e+002	2.53107671e-001	
2.83690977e+002	2.53340484e-001	
2.83900497e+002	2.53568967e-001	
2.84110018e+002	2.53753001e-001	
2.84319539e+002	2.53923913e-001	
2.84529059e+002	2.54094846e-001	
2.84738580e+002	2.54309926e-001	
2.84948101e+002	2.54506308e-001	
2.85157621e+002	2.54651980e-001	
2.85367142e+002	2.54777221e-001	
2.85576663e+002	2.54923911e-001	
2.85786183e+002	2.55062113e-001	
2.85995704e+002	2.55195954e-001	
2.86205225e+002	2.55311265e-001	
2.86414745e+002	2.55403189e-001	
2.86624266e+002	2.55500993e-001	
2.86833787e+002	2.55600670e-001	
2.87043307e+002	2.55678144e-001	
2.87252828e+002	2.55757292e-001	
2.87462349e+002	2.55821387e-001	
2.87671869e+002	2.55874315e-001	
2.87881390e+002	2.55925835e-001	
2.88090911e+002	2.55970623e-001	
2.88300431e+002	2.56007161e-001	
2.88509952e+002	2.56025411e-001	
2.88719473e+002	2.56035312e-001	
2.88928993e+002	2.56039688e-001	
2.89138514e+002	2.56041686e-001	
2.89348035e+002	2.56039927e-001	
2.89557555e+002	2.56018091e-001	
2.89767076e+002	2.55993362e-001	
2.89976597e+002	2.55961205e-001	
2.90186117e+002	2.55922392e-001	
2.90395638e+002	2.55863155e-001	
2.90605159e+002	2.55806532e-001	
2.90814679e+002	2.55748021e-001	
2.91024200e+002	2.55674830e-001	
2.91233721e+002	2.55591974e-001	
2.91443241e+002	2.55501417e-001	
2.91652762e+002	2.55401385e-001	
2.91862283e+002	2.55299262e-001	
2.92071803e+002	2.55178633e-001	
2.92281324e+002	2.55056490e-001	
2.92490845e+002	2.54899349e-001	
2.92700365e+002	2.54747254e-001	
2.92909886e+002	2.54612524e-001	
2.93119407e+002	2.54469154e-001	
2.93328927e+002	2.54285735e-001	
2.93538448e+002	2.54099865e-001	
2.93747969e+002	2.53903244e-001	
2.93957489e+002	2.53711572e-001	
2.94167010e+002	2.53491531e-001	
2.94376531e+002	2.53269965e-001	
2.94586051e+002	2.53038109e-001	
2.94795572e+002	2.52804539e-001	
2.95005092e+002	2.52561347e-001	
2.95214613e+002	2.52307431e-001	
2.95424134e+002	2.52021945e-001	
2.95633654e+002	2.51736245e-001	
2.95843175e+002	2.51470578e-001	
2.96052696e+002	2.51184484e-001	
2.96262216e+002	2.50830154e-001	
2.96471737e+002	2.50428547e-001	
2.96681258e+002	2.50053428e-001	
2.96890778e+002	2.49727694e-001	
2.97100299e+002	2.49407898e-001	
2.97309820e+002	2.49071355e-001	
2.97519340e+002	2.48726353e-001	
2.97728861e+002	2.48330956e-001	
2.97938382e+002	2.47868700e-001	
2.98147902e+002	2.47394300e-001	
2.98357423e+002	2.46955737e-001	
2.98566944e+002	2.46494691e-001	
2.98776464e+002	2.45996966e-001	
2.98985985e+002	2.45525421e-001	
2.99195506e+002	2.45041984e-001	
2.99405026e+002	2.44536990e-001	
2.99614547e+002	2.44030176e-001	
2.99824068e+002	2.43445315e-001	
3.00033588e+002	2.42786426e-001	
3.00243109e+002	2.42149410e-001	
3.00452630e+002	2.41572875e-001	
3.00662150e+002	2.41012271e-001	
3.00871671e+002	2.40402102e-001	
3.01081192e+002	2.39786871e-001	
3.01290712e+002	2.39073798e-001	
3.01500233e+002	2.38392029e-001	
3.01709754e+002	2.37710464e-001	
3.01919274e+002	2.36923971e-001	
3.02128795e+002	2.36018165e-001	
3.02338316e+002	2.35035451e-001	
3.02547836e+002	2.34226313e-001	
3.02757357e+002	2.33514161e-001	
3.02966878e+002	2.32602203e-001	
3.03176398e+002	2.31605829e-001	
3.03385919e+002	2.30686047e-001	
3.03595440e+002	2.29813364e-001	
3.03804960e+002	2.28823113e-001	
3.04014481e+002	2.27852733e-001	
3.04224002e+002	2.26751678e-001	
3.04433522e+002	2.25641100e-001	
3.04643043e+002	2.24488531e-001	
3.04852564e+002	2.23350395e-001	
3.05062084e+002	2.22228581e-001	
3.05271605e+002	2.21020405e-001	
3.05481126e+002	2.19657988e-001	
3.05690646e+002	2.18314145e-001	
3.05900167e+002	2.17052159e-001	
3.06109688e+002	2.15679867e-001	
3.06319208e+002	2.14217910e-001	
3.06528729e+002	2.12506844e-001	
3.06738250e+002	2.11038874e-001	
3.06947770e+002	2.09725191e-001	
3.07157291e+002	2.08411612e-001	
3.07366812e+002	2.06552830e-001	
3.07576332e+002	2.04664420e-001	
3.07785853e+002	2.02906360e-001	
3.07995374e+002	2.01080997e-001	
3.08204894e+002	1.99072613e-001	
3.08414415e+002	1.97238607e-001	
3.08623936e+002	1.95415959e-001	
3.08833456e+002	1.93283889e-001	
3.09042977e+002	1.90747101e-001	
3.09252498e+002	1.88594861e-001	
3.09462018e+002	1.86578370e-001	
3.09671539e+002	1.84653508e-001	
3.09881060e+002	1.82225268e-001	
3.10090580e+002	1.79720408e-001	
3.10300101e+002	1.77250266e-001	
3.10509621e+002	1.74800994e-001	
3.10719142e+002	1.72421029e-001	
3.10928663e+002	1.69730132e-001	
3.11138183e+002	1.66894452e-001	
3.11347704e+002	1.64238335e-001	
3.11557225e+002	1.61519235e-001	
3.11766745e+002	1.58279645e-001	
3.11976266e+002	1.54660381e-001	
3.12185787e+002	1.51968695e-001	
3.12395307e+002	1.49416112e-001	
3.12604828e+002	1.46184806e-001	
3.12814349e+002	1.43041857e-001	
3.13023869e+002	1.39824595e-001	
3.13233390e+002	1.36450914e-001	
3.13442911e+002	1.32919430e-001	
3.13652431e+002	1.29771605e-001	
3.13861952e+002	1.26816551e-001	
3.14071473e+002	1.23867431e-001	
