Length |B|Tesla
0.00000000e+000	1.22252535e-001	
2.09473078e-001	1.25372337e-001	
4.18946155e-001	1.28494609e-001	
6.28419233e-001	1.31924458e-001	
8.37892310e-001	1.35767172e-001	
1.04736539e+000	1.39316322e-001	
1.25683847e+000	1.42213511e-001	
1.46631154e+000	1.45120413e-001	
1.67578462e+000	1.47885257e-001	
1.88525770e+000	1.50805396e-001	
2.09473078e+000	1.54554412e-001	
2.30420385e+000	1.57577918e-001	
2.51367693e+000	1.60305428e-001	
2.72315001e+000	1.63039369e-001	
2.93262309e+000	1.65879562e-001	
3.14209616e+000	1.68804625e-001	
3.35156924e+000	1.71250154e-001	
3.56104232e+000	1.73689522e-001	
3.77051540e+000	1.76280024e-001	
3.97998847e+000	1.78896463e-001	
4.18946155e+000	1.81184732e-001	
4.39893463e+000	1.83447492e-001	
4.60840771e+000	1.85675610e-001	
4.81788078e+000	1.88005446e-001	
5.02735386e+000	1.90128742e-001	
5.23682694e+000	1.92200621e-001	
5.44630002e+000	1.94216437e-001	
5.65577310e+000	1.96285371e-001	
5.86524617e+000	1.98417231e-001	
6.07471925e+000	2.00482889e-001	
6.28419233e+000	2.02180522e-001	
6.49366541e+000	2.03788378e-001	
6.70313848e+000	2.05386914e-001	
6.91261156e+000	2.07172232e-001	
7.12208464e+000	2.08950937e-001	
7.33155772e+000	2.10400813e-001	
7.54103079e+000	2.11792100e-001	
7.75050387e+000	2.13333546e-001	
7.95997695e+000	2.15027874e-001	
8.16945003e+000	2.16506059e-001	
8.37892310e+000	2.17849384e-001	
8.58839618e+000	2.19082843e-001	
8.79786926e+000	2.20341505e-001	
9.00734234e+000	2.21568073e-001	
9.21681541e+000	2.22701711e-001	
9.42628849e+000	2.23904562e-001	
9.63576157e+000	2.25060561e-001	
9.84523465e+000	2.26158672e-001	
1.00547077e+001	2.27270137e-001	
1.02641808e+001	2.28315768e-001	
1.04736539e+001	2.29290857e-001	
1.06831270e+001	2.30243497e-001	
1.08926000e+001	2.31212176e-001	
1.11020731e+001	2.32137246e-001	
1.13115462e+001	2.33104465e-001	
1.15210193e+001	2.33981621e-001	
1.17304923e+001	2.34706115e-001	
1.19399654e+001	2.35534988e-001	
1.21494385e+001	2.36442248e-001	
1.23589116e+001	2.37157095e-001	
1.25683847e+001	2.37878761e-001	
1.27778577e+001	2.38580608e-001	
1.29873308e+001	2.39350473e-001	
1.31968039e+001	2.40053078e-001	
1.34062770e+001	2.40648054e-001	
1.36157500e+001	2.41283425e-001	
1.38252231e+001	2.41993124e-001	
1.40346962e+001	2.42543035e-001	
1.42441693e+001	2.43029994e-001	
1.44536424e+001	2.43623722e-001	
1.46631154e+001	2.44208792e-001	
1.48725885e+001	2.44736979e-001	
1.50820616e+001	2.45266898e-001	
1.52915347e+001	2.45756041e-001	
1.55010077e+001	2.46222807e-001	
1.57104808e+001	2.46651745e-001	
1.59199539e+001	2.47068787e-001	
1.61294270e+001	2.47535783e-001	
1.63389001e+001	2.47939325e-001	
1.65483731e+001	2.48399350e-001	
1.67578462e+001	2.48847057e-001	
1.69673193e+001	2.49170359e-001	
1.71767924e+001	2.49487339e-001	
1.73862654e+001	2.49836658e-001	
1.75957385e+001	2.50186017e-001	
1.78052116e+001	2.50539527e-001	
1.80146847e+001	2.50869775e-001	
1.82241578e+001	2.51186835e-001	
1.84336308e+001	2.51488337e-001	
1.86431039e+001	2.51785802e-001	
1.88525770e+001	2.52071800e-001	
1.90620501e+001	2.52326691e-001	
1.92715231e+001	2.52537271e-001	
1.94809962e+001	2.52798120e-001	
1.96904693e+001	2.53051093e-001	
1.98999424e+001	2.53264122e-001	
2.01094154e+001	2.53486861e-001	
2.03188885e+001	2.53712462e-001	
2.05283616e+001	2.53895172e-001	
2.07378347e+001	2.54058169e-001	
2.09473078e+001	2.54204809e-001	
2.11567808e+001	2.54373004e-001	
2.13662539e+001	2.54550685e-001	
2.15757270e+001	2.54704699e-001	
2.17852001e+001	2.54833877e-001	
2.19946731e+001	2.54951327e-001	
2.22041462e+001	2.55057845e-001	
2.24136193e+001	2.55165698e-001	
2.26230924e+001	2.55279270e-001	
2.28325655e+001	2.55383536e-001	
2.30420385e+001	2.55456119e-001	
2.32515116e+001	2.55517630e-001	
2.34609847e+001	2.55596021e-001	
2.36704578e+001	2.55661302e-001	
2.38799308e+001	2.55713715e-001	
2.40894039e+001	2.55750358e-001	
2.42988770e+001	2.55785353e-001	
2.45083501e+001	2.55803571e-001	
2.47178232e+001	2.55814368e-001	
2.49272962e+001	2.55821330e-001	
2.51367693e+001	2.55822712e-001	
2.53462424e+001	2.55829737e-001	
2.55557155e+001	2.55797443e-001	
2.57651885e+001	2.55769102e-001	
2.59746616e+001	2.55733692e-001	
2.61841347e+001	2.55694656e-001	
2.63936078e+001	2.55643409e-001	
2.66030809e+001	2.55587930e-001	
2.68125539e+001	2.55509401e-001	
2.70220270e+001	2.55434466e-001	
2.72315001e+001	2.55356358e-001	
2.74409732e+001	2.55270420e-001	
2.76504462e+001	2.55147682e-001	
2.78599193e+001	2.55022098e-001	
2.80693924e+001	2.54904214e-001	
2.82788655e+001	2.54801834e-001	
2.84883386e+001	2.54669408e-001	
2.86978116e+001	2.54487991e-001	
2.89072847e+001	2.54343017e-001	
2.91167578e+001	2.54188829e-001	
2.93262309e+001	2.54017112e-001	
2.95357039e+001	2.53831999e-001	
2.97451770e+001	2.53624256e-001	
2.99546501e+001	2.53409875e-001	
3.01641232e+001	2.53194398e-001	
3.03735963e+001	2.52988952e-001	
3.05830693e+001	2.52784667e-001	
3.07925424e+001	2.52524911e-001	
3.10020155e+001	2.52215755e-001	
3.12114886e+001	2.51944871e-001	
3.14209616e+001	2.51722666e-001	
3.16304347e+001	2.51453166e-001	
3.18399078e+001	2.51095849e-001	
3.20493809e+001	2.50735412e-001	
3.22588539e+001	2.50391731e-001	
3.24683270e+001	2.50108765e-001	
3.26778001e+001	2.49829210e-001	
3.28872732e+001	2.49446622e-001	
3.30967463e+001	2.49033253e-001	
3.33062193e+001	2.48599483e-001	
3.35156924e+001	2.48227605e-001	
3.37251655e+001	2.47860983e-001	
3.39346386e+001	2.47449849e-001	
3.41441116e+001	2.47004901e-001	
3.43535847e+001	2.46570961e-001	
3.45630578e+001	2.46134664e-001	
3.47725309e+001	2.45605819e-001	
3.49820040e+001	2.45068822e-001	
3.51914770e+001	2.44505717e-001	
3.54009501e+001	2.43942163e-001	
3.56104232e+001	2.43424838e-001	
3.58198963e+001	2.42923493e-001	
3.60293693e+001	2.42338146e-001	
3.62388424e+001	2.41679293e-001	
3.64483155e+001	2.41023970e-001	
3.66577886e+001	2.40366172e-001	
3.68672617e+001	2.39707721e-001	
3.70767347e+001	2.39048818e-001	
3.72862078e+001	2.38359101e-001	
3.74956809e+001	2.37659765e-001	
3.77051540e+001	2.36937441e-001	
3.79146270e+001	2.36158810e-001	
3.81241001e+001	2.35327699e-001	
3.83335732e+001	2.34382275e-001	
3.85430463e+001	2.33507991e-001	
3.87525194e+001	2.32837870e-001	
3.89619924e+001	2.31958499e-001	
3.91714655e+001	2.30969946e-001	
3.93809386e+001	2.29961959e-001	
3.95904117e+001	2.28970298e-001	
3.97998847e+001	2.28023831e-001	
4.00093578e+001	2.27034100e-001	
4.02188309e+001	2.25867011e-001	
4.04283040e+001	2.24676499e-001	
4.06377771e+001	2.23567662e-001	
4.08472501e+001	2.22457685e-001	
4.10567232e+001	2.21305247e-001	
4.12661963e+001	2.20149471e-001	
4.14756694e+001	2.18777439e-001	
4.16851424e+001	2.17366626e-001	
4.18946155e+001	2.15993109e-001	
4.21040886e+001	2.14562319e-001	
4.23135617e+001	2.13072228e-001	
4.25230348e+001	2.11556881e-001	
4.27325078e+001	2.10120101e-001	
4.29419809e+001	2.08412792e-001	
4.31514540e+001	2.06890608e-001	
4.33609271e+001	2.05229876e-001	
4.35704001e+001	2.03437344e-001	
4.37798732e+001	2.01322939e-001	
4.39893463e+001	1.99473588e-001	
4.41988194e+001	1.97702195e-001	
4.44082924e+001	1.95927479e-001	
4.46177655e+001	1.94033581e-001	
4.48272386e+001	1.91933514e-001	
4.50367117e+001	1.89791832e-001	
4.52461848e+001	1.87400342e-001	
4.54556578e+001	1.85098689e-001	
4.56651309e+001	1.82840856e-001	
4.58746040e+001	1.80581010e-001	
4.60840771e+001	1.78318103e-001	
4.62935501e+001	1.75871098e-001	
4.65030232e+001	1.73326481e-001	
4.67124963e+001	1.70757950e-001	
4.69219694e+001	1.68112594e-001	
4.71314425e+001	1.65424508e-001	
4.73409155e+001	1.62378105e-001	
4.75503886e+001	1.59075264e-001	
4.77598617e+001	1.56642645e-001	
4.79693348e+001	1.54021855e-001	
4.81788078e+001	1.50682614e-001	
4.83882809e+001	1.47472663e-001	
4.85977540e+001	1.44288840e-001	
4.88072271e+001	1.40897660e-001	
4.90167002e+001	1.37889451e-001	
4.92261732e+001	1.34953060e-001	
4.94356463e+001	1.31913357e-001	
4.96451194e+001	1.28519582e-001	
4.98545925e+001	1.25050135e-001	
5.00640655e+001	1.21811956e-001	
5.02735386e+001	1.18539033e-001	
5.04830117e+001	1.14923357e-001	
5.06924848e+001	1.11248249e-001	
5.09019579e+001	1.08023749e-001	
5.11114309e+001	1.05012521e-001	
5.13209040e+001	1.01219493e-001	
5.15303771e+001	9.77939501e-002	
5.17398502e+001	9.46192660e-002	
5.19493232e+001	9.11897652e-002	
5.21587963e+001	8.73077866e-002	
5.23682694e+001	8.31782276e-002	
5.25777425e+001	8.06077322e-002	
5.27872156e+001	7.81300058e-002	
5.29966886e+001	7.53811843e-002	
5.32061617e+001	7.13614617e-002	
5.34156348e+001	6.76857622e-002	
5.36251079e+001	6.44765781e-002	
5.38345809e+001	6.14605731e-002	
5.40440540e+001	5.81400151e-002	
5.42535271e+001	5.49255352e-002	
5.44630002e+001	5.22389525e-002	
5.46724733e+001	4.96133931e-002	
5.48819463e+001	4.64387163e-002	
5.50914194e+001	4.34764118e-002	
5.53008925e+001	4.04702984e-002	
5.55103656e+001	3.76300502e-002	
5.57198386e+001	3.51707896e-002	
5.59293117e+001	3.26082300e-002	
5.61387848e+001	2.98920620e-002	
5.63482579e+001	2.67901556e-002	
5.65577310e+001	2.42845947e-002	
5.67672040e+001	2.19605475e-002	
5.69766771e+001	1.96937990e-002	
5.71861502e+001	1.79246102e-002	
5.73956233e+001	1.66610950e-002	
5.76050963e+001	1.58194396e-002	
5.78145694e+001	1.45666427e-002	
5.80240425e+001	1.45104092e-002	
5.82335156e+001	1.50874839e-002	
5.84429886e+001	1.59031521e-002	
5.86524617e+001	1.70667023e-002	
5.88619348e+001	1.87790937e-002	
5.90714079e+001	2.07673634e-002	
5.92808810e+001	2.29854903e-002	
5.94903540e+001	2.53152333e-002	
5.96998271e+001	2.75765389e-002	
5.99093002e+001	2.99174146e-002	
6.01187733e+001	3.28140002e-002	
6.03282463e+001	3.57924751e-002	
6.05377194e+001	3.84693999e-002	
6.07471925e+001	4.10388992e-002	
6.09566656e+001	4.35819392e-002	
6.11661387e+001	4.67669352e-002	
6.13756117e+001	5.01299416e-002	
6.15850848e+001	5.29067317e-002	
6.17945579e+001	5.62072320e-002	
6.20040310e+001	5.98903257e-002	
6.22135040e+001	6.27444716e-002	
6.24229771e+001	6.53825463e-002	
6.26324502e+001	6.83302581e-002	
6.28419233e+001	7.17749130e-002	
6.30513964e+001	7.52246190e-002	
6.32608694e+001	7.88951798e-002	
6.34703425e+001	8.21614884e-002	
6.36798156e+001	8.49826165e-002	
6.38892887e+001	8.84562517e-002	
6.40987617e+001	9.19690347e-002	
6.43082348e+001	9.50562755e-002	
6.45177079e+001	9.80971627e-002	
6.47271810e+001	1.01339249e-001	
6.49366541e+001	1.05053995e-001	
6.51461271e+001	1.08721083e-001	
6.53556002e+001	1.12027820e-001	
6.55650733e+001	1.15221233e-001	
6.57745464e+001	1.19253556e-001	
6.59840194e+001	1.22659157e-001	
6.61934925e+001	1.25631285e-001	
6.64029656e+001	1.28939119e-001	
6.66124387e+001	1.32252203e-001	
6.68219118e+001	1.35501838e-001	
6.70313848e+001	1.38854369e-001	
6.72408579e+001	1.42241230e-001	
6.74503310e+001	1.45588993e-001	
6.76598041e+001	1.48309034e-001	
6.78692771e+001	1.51071552e-001	
6.80787502e+001	1.54225356e-001	
6.82882233e+001	1.57341337e-001	
6.84976964e+001	1.60140249e-001	
6.87071695e+001	1.62827725e-001	
6.89166425e+001	1.65585742e-001	
6.91261156e+001	1.68487850e-001	
6.93355887e+001	1.71209335e-001	
6.95450618e+001	1.73834702e-001	
6.97545348e+001	1.76535965e-001	
6.99640079e+001	1.78941543e-001	
7.01734810e+001	1.81135596e-001	
7.03829541e+001	1.83322406e-001	
7.05924271e+001	1.85629952e-001	
7.08019002e+001	1.87919638e-001	
7.10113733e+001	1.90021777e-001	
7.12208464e+001	1.92254422e-001	
7.14303195e+001	1.94483668e-001	
7.16397925e+001	1.96619784e-001	
7.18492656e+001	1.98282377e-001	
7.20587387e+001	1.99963097e-001	
7.22682118e+001	2.01968407e-001	
7.24776848e+001	2.04024473e-001	
7.26871579e+001	2.05613827e-001	
7.28966310e+001	2.07057074e-001	
7.31061041e+001	2.08621060e-001	
7.33155772e+001	2.10217587e-001	
7.35250502e+001	2.11877548e-001	
7.37345233e+001	2.13595048e-001	
7.39439964e+001	2.15054394e-001	
7.41534695e+001	2.16489555e-001	
7.43629425e+001	2.17593433e-001	
7.45724156e+001	2.18783444e-001	
7.47818887e+001	2.20144000e-001	
7.49913618e+001	2.21445588e-001	
7.52008349e+001	2.22725425e-001	
7.54103079e+001	2.23974067e-001	
7.56197810e+001	2.25043659e-001	
7.58292541e+001	2.26189331e-001	
7.60387272e+001	2.27273220e-001	
7.62482002e+001	2.28238330e-001	
7.64576733e+001	2.29232343e-001	
7.66671464e+001	2.30206523e-001	
7.68766195e+001	2.31110792e-001	
7.70860926e+001	2.32042964e-001	
7.72955656e+001	2.32978711e-001	
7.75050387e+001	2.33858930e-001	
7.77145118e+001	2.34679393e-001	
7.79239849e+001	2.35556726e-001	
7.81334579e+001	2.36408946e-001	
7.83429310e+001	2.37127108e-001	
7.85524041e+001	2.37802347e-001	
7.87618772e+001	2.38590691e-001	
7.89713503e+001	2.39439343e-001	
7.91808233e+001	2.40062877e-001	
7.93902964e+001	2.40598944e-001	
7.95997695e+001	2.41101222e-001	
7.98092426e+001	2.41731073e-001	
8.00187156e+001	2.42429848e-001	
8.02281887e+001	2.43059986e-001	
8.04376618e+001	2.43664566e-001	
8.06471349e+001	2.44201860e-001	
8.08566080e+001	2.44729046e-001	
8.10660810e+001	2.45231633e-001	
8.12755541e+001	2.45714763e-001	
8.14850272e+001	2.46175936e-001	
8.16945003e+001	2.46712696e-001	
8.19039733e+001	2.47148777e-001	
8.21134464e+001	2.47563593e-001	
8.23229195e+001	2.47951106e-001	
8.25323926e+001	2.48398481e-001	
8.27418656e+001	2.48813855e-001	
8.29513387e+001	2.49184943e-001	
8.31608118e+001	2.49559197e-001	
8.33702849e+001	2.49881939e-001	
8.35797580e+001	2.50174595e-001	
8.37892310e+001	2.50557439e-001	
8.39987041e+001	2.50939324e-001	
8.42081772e+001	2.51237395e-001	
8.44176503e+001	2.51501787e-001	
8.46271233e+001	2.51735355e-001	
8.48365964e+001	2.52014499e-001	
8.50460695e+001	2.52303922e-001	
8.52555426e+001	2.52571027e-001	
8.54650157e+001	2.52847134e-001	
8.56744887e+001	2.53107113e-001	
8.58839618e+001	2.53307975e-001	
8.60934349e+001	2.53485201e-001	
8.63029080e+001	2.53667976e-001	
8.65123810e+001	2.53866386e-001	
8.67218541e+001	2.54047194e-001	
8.69313272e+001	2.54228065e-001	
8.71408003e+001	2.54390196e-001	
8.73502734e+001	2.54545684e-001	
8.75597464e+001	2.54716664e-001	
8.77692195e+001	2.54882426e-001	
8.79786926e+001	2.54974423e-001	
8.81881657e+001	2.55066213e-001	
8.83976387e+001	2.55169265e-001	
8.86071118e+001	2.55295314e-001	
8.88165849e+001	2.55388421e-001	
8.90260580e+001	2.55476959e-001	
8.92355311e+001	2.55547125e-001	
8.94450041e+001	2.55612649e-001	
8.96544772e+001	2.55663445e-001	
8.98639503e+001	2.55713495e-001	
9.00734234e+001	2.55757134e-001	
9.02828964e+001	2.55792580e-001	
9.04923695e+001	2.55812459e-001	
9.07018426e+001	2.55831094e-001	
9.09113157e+001	2.55841824e-001	
9.11207888e+001	2.55844996e-001	
9.13302618e+001	2.55829897e-001	
9.15397349e+001	2.55812487e-001	
9.17492080e+001	2.55788472e-001	
9.19586811e+001	2.55753275e-001	
9.21681541e+001	2.55720043e-001	
9.23776272e+001	2.55674477e-001	
9.25871003e+001	2.55605895e-001	
9.27965734e+001	2.55533720e-001	
9.30060465e+001	2.55457604e-001	
9.32155195e+001	2.55378437e-001	
9.34249926e+001	2.55282899e-001	
9.36344657e+001	2.55176779e-001	
9.38439388e+001	2.55078007e-001	
9.40534118e+001	2.54971963e-001	
9.42628849e+001	2.54848288e-001	
9.44723580e+001	2.54698742e-001	
9.46818311e+001	2.54531864e-001	
9.48913041e+001	2.54359867e-001	
9.51007772e+001	2.54190570e-001	
9.53102503e+001	2.54020946e-001	
9.55197234e+001	2.53849551e-001	
9.57291965e+001	2.53666652e-001	
9.59386695e+001	2.53495773e-001	
9.61481426e+001	2.53254418e-001	
9.63576157e+001	2.52985120e-001	
9.65670888e+001	2.52750929e-001	
9.67765618e+001	2.52534445e-001	
9.69860349e+001	2.52295592e-001	
9.71955080e+001	2.52037825e-001	
9.74049811e+001	2.51741885e-001	
9.76144542e+001	2.51438808e-001	
9.78239272e+001	2.51158493e-001	
9.80334003e+001	2.50894186e-001	
9.82428734e+001	2.50584923e-001	
9.84523465e+001	2.50143881e-001	
9.86618195e+001	2.49789562e-001	
9.88712926e+001	2.49475472e-001	
9.90807657e+001	2.49117861e-001	
9.92902388e+001	2.48763068e-001	
9.94997119e+001	2.48369009e-001	
9.97091849e+001	2.47960817e-001	
9.99186580e+001	2.47537278e-001	
1.00128131e+002	2.47056110e-001	
1.00337604e+002	2.46607596e-001	
1.00547077e+002	2.46142278e-001	
1.00756550e+002	2.45591748e-001	
1.00966023e+002	2.45112755e-001	
1.01175496e+002	2.44668453e-001	
1.01384970e+002	2.44231542e-001	
1.01594443e+002	2.43627185e-001	
1.01803916e+002	2.43008914e-001	
1.02013389e+002	2.42401944e-001	
1.02222862e+002	2.41779430e-001	
1.02432335e+002	2.41165280e-001	
1.02641808e+002	2.40586176e-001	
1.02851281e+002	2.39889689e-001	
1.03060754e+002	2.39171185e-001	
1.03270227e+002	2.38486085e-001	
1.03479700e+002	2.37756475e-001	
1.03689173e+002	2.37001606e-001	
1.03898646e+002	2.36168049e-001	
1.04108120e+002	2.35331380e-001	
1.04317593e+002	2.34565562e-001	
1.04527066e+002	2.33817361e-001	
1.04736539e+002	2.32983496e-001	
1.04946012e+002	2.32085923e-001	
1.05155485e+002	2.31126874e-001	
1.05364958e+002	2.30126284e-001	
1.05574431e+002	2.29139212e-001	
1.05783904e+002	2.28099684e-001	
1.05993377e+002	2.27022662e-001	
1.06202850e+002	2.25947008e-001	
1.06412323e+002	2.24888965e-001	
1.06621796e+002	2.23864748e-001	
1.06831270e+002	2.22789140e-001	
1.07040743e+002	2.21413780e-001	
1.07250216e+002	2.20072848e-001	
1.07459689e+002	2.18901046e-001	
1.07669162e+002	2.17506701e-001	
1.07878635e+002	2.16072474e-001	
1.08088108e+002	2.14709727e-001	
1.08297581e+002	2.13350561e-001	
1.08507054e+002	2.11914305e-001	
1.08716527e+002	2.10432660e-001	
1.08926000e+002	2.08706747e-001	
1.09135473e+002	2.07050876e-001	
1.09344947e+002	2.05480027e-001	
1.09554420e+002	2.03726284e-001	
1.09763893e+002	2.01903219e-001	
1.09973366e+002	2.00002314e-001	
1.10182839e+002	1.98054877e-001	
1.10392312e+002	1.96130831e-001	
1.10601785e+002	1.94259463e-001	
1.10811258e+002	1.92338589e-001	
1.11020731e+002	1.90219938e-001	
1.11230204e+002	1.87629269e-001	
1.11439677e+002	1.85239982e-001	
1.11649150e+002	1.83327238e-001	
1.11858623e+002	1.81089958e-001	
1.12068097e+002	1.78873934e-001	
1.12277570e+002	1.76165121e-001	
1.12487043e+002	1.73224182e-001	
1.12696516e+002	1.70966315e-001	
1.12905989e+002	1.68630158e-001	
1.13115462e+002	1.65415950e-001	
1.13324935e+002	1.62581275e-001	
1.13534408e+002	1.59946396e-001	
1.13743881e+002	1.56814701e-001	
1.13953354e+002	1.53840499e-001	
1.14162827e+002	1.51014480e-001	
1.14372300e+002	1.48077354e-001	
1.14581773e+002	1.45032778e-001	
1.14791247e+002	1.41865106e-001	
1.15000720e+002	1.38459597e-001	
1.15210193e+002	1.35408895e-001	
1.15419666e+002	1.32356133e-001	
1.15629139e+002	1.29090903e-001	
1.15838612e+002	1.25450147e-001	
1.16048085e+002	1.22093811e-001	
1.16257558e+002	1.18880435e-001	
1.16467031e+002	1.14806956e-001	
1.16676504e+002	1.11587599e-001	
1.16885977e+002	1.08795330e-001	
1.17095450e+002	1.05313115e-001	
1.17304923e+002	1.01407234e-001	
1.17514397e+002	9.80895043e-002	
1.17723870e+002	9.49061565e-002	
1.17933343e+002	9.17533491e-002	
1.18142816e+002	8.84370332e-002	
1.18352289e+002	8.48773557e-002	
1.18561762e+002	8.15086007e-002	
1.18771235e+002	7.82737215e-002	
1.18980708e+002	7.51663523e-002	
1.19190181e+002	7.21090717e-002	
1.19399654e+002	6.87434317e-002	
1.19609127e+002	6.51767450e-002	
1.19818600e+002	6.18252414e-002	
1.20028073e+002	5.91883037e-002	
1.20237547e+002	5.66282912e-002	
1.20447020e+002	5.34541964e-002	
1.20656493e+002	5.05368466e-002	
1.20865966e+002	4.95160413e-002	
1.21075439e+002	4.15194535e-002	
1.21284912e+002	4.05382246e-002	
1.21494385e+002	3.95372539e-002	
1.21703858e+002	3.70887321e-002	
1.21913331e+002	3.38092820e-002	
1.22122804e+002	3.08518794e-002	
1.22332277e+002	2.88389726e-002	
1.22541750e+002	2.66452957e-002	
1.22751223e+002	2.45567099e-002	
1.22960697e+002	2.26484567e-002	
1.23170170e+002	2.09698248e-002	
1.23379643e+002	1.95799614e-002	
1.23589116e+002	1.85225366e-002	
1.23798589e+002	1.77578763e-002	
1.24008062e+002	1.73578737e-002	
1.24217535e+002	1.73889899e-002	
1.24427008e+002	1.80346752e-002	
1.24636481e+002	1.92549286e-002	
1.24845954e+002	2.08206502e-002	
1.25055427e+002	2.22884815e-002	
1.25264900e+002	2.40464076e-002	
1.25474373e+002	2.60375245e-002	
1.25683847e+002	2.81741121e-002	
1.25893320e+002	3.03944319e-002	
1.26102793e+002	3.26814226e-002	
1.26312266e+002	3.50220255e-002	
1.26521739e+002	3.74061779e-002	
1.26731212e+002	3.98260595e-002	
1.26940685e+002	4.22755353e-002	
1.27150158e+002	4.47497457e-002	
1.27359631e+002	4.77647027e-002	
1.27569104e+002	5.12407405e-002	
1.27778577e+002	5.47343777e-002	
1.27988050e+002	5.82424472e-002	
1.28197523e+002	6.16460566e-002	
1.28406997e+002	6.49746971e-002	
1.28616470e+002	6.83178304e-002	
1.28825943e+002	7.16734286e-002	
1.29035416e+002	7.50398195e-002	
1.29244889e+002	7.84156131e-002	
1.29454362e+002	8.20575073e-002	
1.29663835e+002	8.56928829e-002	
1.29873308e+002	8.92864017e-002	
1.30082781e+002	9.28832046e-002	
1.30292254e+002	9.64829241e-002	
1.30501727e+002	1.00085246e-001	
1.30711200e+002	1.03689898e-001	
1.30920673e+002	1.07296646e-001	
1.31130147e+002	1.10905286e-001	
1.31339620e+002	1.14515638e-001	
1.31549093e+002	1.17961439e-001	
1.31758566e+002	1.21642777e-001	
1.31968039e+002	1.25026869e-001	
1.32177512e+002	1.28110688e-001	
1.32386985e+002	1.31198462e-001	
1.32596458e+002	1.34289918e-001	
1.32805931e+002	1.37384807e-001	
1.33015404e+002	1.40482903e-001	
1.33224877e+002	1.43583997e-001	
1.33434350e+002	1.46687901e-001	
1.33643824e+002	1.49794439e-001	
1.33853297e+002	1.52523386e-001	
1.34062770e+002	1.55148562e-001	
1.34272243e+002	1.57782838e-001	
1.34481716e+002	1.60425766e-001	
1.34691189e+002	1.63076926e-001	
1.34900662e+002	1.66157270e-001	
1.35110135e+002	1.69384274e-001	
1.35319608e+002	1.72584958e-001	
1.35529081e+002	1.75061421e-001	
1.35738554e+002	1.77539089e-001	
1.35948027e+002	1.80017911e-001	
1.36157500e+002	1.82280302e-001	
1.36366974e+002	1.84496005e-001	
1.36576447e+002	1.86712119e-001	
1.36785920e+002	1.88905361e-001	
1.36995393e+002	1.91090746e-001	
1.37204866e+002	1.93280961e-001	
1.37414339e+002	1.95475844e-001	
1.37623812e+002	1.97675239e-001	
1.37833285e+002	1.99736770e-001	
1.38042758e+002	2.01554041e-001	
1.38252231e+002	2.03371316e-001	
1.38461704e+002	2.05017968e-001	
1.38671177e+002	2.06467712e-001	
1.38880650e+002	2.07918020e-001	
1.39090124e+002	2.09368881e-001	
1.39299597e+002	2.10820283e-001	
1.39509070e+002	2.12286379e-001	
1.39718543e+002	2.13747610e-001	
1.39928016e+002	2.15194097e-001	
1.40137489e+002	2.16640635e-001	
1.40346962e+002	2.17931488e-001	
1.40556435e+002	2.19183503e-001	
1.40765908e+002	2.20451132e-001	
1.40975381e+002	2.21783165e-001	
1.41184854e+002	2.22995696e-001	
1.41394327e+002	2.24105056e-001	
1.41603800e+002	2.25183621e-001	
1.41813274e+002	2.26211886e-001	
1.42022747e+002	2.27261423e-001	
1.42232220e+002	2.28454012e-001	
1.42441693e+002	2.29509311e-001	
1.42651166e+002	2.30078408e-001	
1.42860639e+002	2.30360864e-001	
1.43070112e+002	2.33095015e-001	
1.43279585e+002	2.33456149e-001	
1.43489058e+002	2.33996515e-001	
1.43698531e+002	2.34762530e-001	
1.43908004e+002	2.35538743e-001	
1.44117477e+002	2.36347164e-001	
1.44326950e+002	2.37176459e-001	
1.44536424e+002	2.37880422e-001	
1.44745897e+002	2.38320651e-001	
1.44955370e+002	2.38563983e-001	
1.45164843e+002	2.40488938e-001	
1.45374316e+002	2.40722336e-001	
1.45583789e+002	2.41127820e-001	
1.45793262e+002	2.41705810e-001	
1.46002735e+002	2.42327453e-001	
1.46212208e+002	2.42957465e-001	
1.46421681e+002	2.43602713e-001	
1.46631154e+002	2.44247992e-001	
1.46840627e+002	2.44825958e-001	
1.47050100e+002	2.45395955e-001	
1.47259574e+002	2.45856181e-001	
1.47469047e+002	2.46284943e-001	
1.47678520e+002	2.46713731e-001	
1.47887993e+002	2.47142546e-001	
1.48097466e+002	2.47531889e-001	
1.48306939e+002	2.47913330e-001	
1.48516412e+002	2.48294852e-001	
1.48725885e+002	2.48678200e-001	
1.48935358e+002	2.49069457e-001	
1.49144831e+002	2.49460715e-001	
1.49354304e+002	2.49851973e-001	
1.49563777e+002	2.50243231e-001	
1.49773250e+002	2.50634490e-001	
1.49982724e+002	2.51012143e-001	
1.50192197e+002	2.51372089e-001	
1.50401670e+002	2.51630885e-001	
1.50611143e+002	2.51837764e-001	
1.50820616e+002	2.52044665e-001	
1.51030089e+002	2.52251587e-001	
1.51239562e+002	2.52458588e-001	
1.51449035e+002	2.52710481e-001	
1.51658508e+002	2.52962383e-001	
1.51867981e+002	2.53214293e-001	
1.52077454e+002	2.53466210e-001	
1.52286927e+002	2.53718136e-001	
1.52496400e+002	2.53970069e-001	
1.52705874e+002	2.54143239e-001	
1.52915347e+002	2.54286630e-001	
1.53124820e+002	2.54431647e-001	
1.53334293e+002	2.54618444e-001	
1.53543766e+002	2.54805271e-001	
1.53753239e+002	2.54992128e-001	
1.53962712e+002	2.55151299e-001	
1.54172185e+002	2.55217936e-001	
1.54381658e+002	2.55284582e-001	
1.54591131e+002	2.55351236e-001	
1.54800604e+002	2.55417898e-001	
1.55010077e+002	2.55484570e-001	
1.55219550e+002	2.55551250e-001	
1.55429024e+002	2.55617938e-001	
1.55638497e+002	2.55684636e-001	
1.55847970e+002	2.55751341e-001	
1.56057443e+002	2.55818602e-001	
1.56266916e+002	2.55837643e-001	
1.56476389e+002	2.55847910e-001	
1.56685862e+002	2.55858193e-001	
1.56895335e+002	2.55868491e-001	
1.57104808e+002	2.55878805e-001	
1.57314281e+002	2.55889134e-001	
1.57523754e+002	2.55899479e-001	
1.57733227e+002	2.55909839e-001	
1.57942701e+002	2.55908152e-001	
1.58152174e+002	2.55823714e-001	
1.58361647e+002	2.55739283e-001	
1.58571120e+002	2.55654857e-001	
1.58780593e+002	2.55570438e-001	
1.58990066e+002	2.55486026e-001	
1.59199539e+002	2.55401619e-001	
1.59409012e+002	2.55315044e-001	
1.59618485e+002	2.55183478e-001	
1.59827958e+002	2.55067803e-001	
1.60037431e+002	2.54952134e-001	
1.60246904e+002	2.54836470e-001	
1.60456377e+002	2.54720812e-001	
1.60665851e+002	2.54598423e-001	
1.60875324e+002	2.54455265e-001	
1.61084797e+002	2.54312152e-001	
1.61294270e+002	2.54151793e-001	
1.61503743e+002	2.53950880e-001	
1.61713216e+002	2.53749969e-001	
1.61922689e+002	2.53549058e-001	
1.62132162e+002	2.53348147e-001	
1.62341635e+002	2.53096510e-001	
1.62551108e+002	2.52824471e-001	
1.62760581e+002	2.52552492e-001	
1.62970054e+002	2.52275809e-001	
1.63179527e+002	2.51998742e-001	
1.63389001e+002	2.51721675e-001	
1.63598474e+002	2.51444608e-001	
1.63807947e+002	2.51167542e-001	
1.64017420e+002	2.50889756e-001	
1.64226893e+002	2.50584565e-001	
1.64436366e+002	2.50272425e-001	
1.64645839e+002	2.49892656e-001	
1.64855312e+002	2.49512917e-001	
1.65064785e+002	2.49133208e-001	
1.65274258e+002	2.48753529e-001	
1.65483731e+002	2.48319587e-001	
1.65693204e+002	2.47839641e-001	
1.65902677e+002	2.47365888e-001	
1.66112151e+002	2.46897317e-001	
1.66321624e+002	2.46478397e-001	
1.66531097e+002	2.46087970e-001	
1.66740570e+002	2.45936777e-001	
1.66950043e+002	2.45802322e-001	
1.67159516e+002	2.44332502e-001	
1.67368989e+002	2.44131749e-001	
1.67578462e+002	2.43576375e-001	
1.67787935e+002	2.42973228e-001	
1.67997408e+002	2.42359295e-001	
1.68206881e+002	2.41754024e-001	
1.68416354e+002	2.41176966e-001	
1.68625827e+002	2.40571583e-001	
1.68835301e+002	2.39902380e-001	
1.69044774e+002	2.39226229e-001	
1.69254247e+002	2.38551494e-001	
1.69463720e+002	2.37872026e-001	
1.69673193e+002	2.37053668e-001	
1.69882666e+002	2.36196387e-001	
1.70092139e+002	2.35497018e-001	
1.70301612e+002	2.34799345e-001	
1.70511085e+002	2.34012637e-001	
1.70720558e+002	2.32994447e-001	
1.70930031e+002	2.32013633e-001	
1.71139504e+002	2.31068102e-001	
1.71348977e+002	2.30222476e-001	
1.71558451e+002	2.29381206e-001	
1.71767924e+002	2.28348121e-001	
1.71977397e+002	2.27159958e-001	
1.72186870e+002	2.26029170e-001	
1.72396343e+002	2.24951941e-001	
1.72605816e+002	2.23922632e-001	
1.72815289e+002	2.22893619e-001	
1.73024762e+002	2.21480146e-001	
1.73234235e+002	2.20118442e-001	
1.73443708e+002	2.18934305e-001	
1.73653181e+002	2.17755961e-001	
1.73862654e+002	2.16447264e-001	
1.74072127e+002	2.15060864e-001	
1.74281601e+002	2.13516040e-001	
1.74491074e+002	2.11919234e-001	
1.74700547e+002	2.10456908e-001	
1.74910020e+002	2.08886818e-001	
1.75119493e+002	2.07109371e-001	
1.75328966e+002	2.05395497e-001	
1.75538439e+002	2.03662389e-001	
1.75747912e+002	2.01875566e-001	
1.75957385e+002	2.00125855e-001	
1.76166858e+002	1.98449924e-001	
1.76376331e+002	1.96334594e-001	
1.76585804e+002	1.94198959e-001	
1.76795277e+002	1.92268444e-001	
1.77004751e+002	1.90352657e-001	
1.77214224e+002	1.88256508e-001	
1.77423697e+002	1.85864009e-001	
1.77633170e+002	1.83528970e-001	
1.77842643e+002	1.81270913e-001	
1.78052116e+002	1.78874302e-001	
1.78261589e+002	1.76393031e-001	
1.78471062e+002	1.73718078e-001	
1.78680535e+002	1.70902118e-001	
1.78890008e+002	1.68183854e-001	
1.79099481e+002	1.65855931e-001	
1.79308954e+002	1.62903479e-001	
1.79518427e+002	1.60049964e-001	
1.79727901e+002	1.57036122e-001	
1.79937374e+002	1.54347867e-001	
1.80146847e+002	1.51816358e-001	
1.80356320e+002	1.48688996e-001	
1.80565793e+002	1.45026997e-001	
1.80775266e+002	1.41987796e-001	
1.80984739e+002	1.39110368e-001	
1.81194212e+002	1.36130957e-001	
1.81403685e+002	1.32436343e-001	
1.81613158e+002	1.28548395e-001	
1.81822631e+002	1.25155289e-001	
1.82032104e+002	1.22523806e-001	
1.82241578e+002	1.19818927e-001	
1.82451051e+002	1.16226375e-001	
1.82660524e+002	1.12283349e-001	
1.82869997e+002	1.08745730e-001	
1.83079470e+002	1.05034445e-001	
1.83288943e+002	1.01765336e-001	
1.83498416e+002	9.86411278e-002	
1.83707889e+002	9.52971265e-002	
1.83917362e+002	9.19854244e-002	
1.84126835e+002	8.83289747e-002	
1.84336308e+002	8.49442537e-002	
1.84545781e+002	8.17188412e-002	
1.84755254e+002	7.84557206e-002	
1.84964728e+002	7.55041530e-002	
1.85174201e+002	7.22532750e-002	
1.85383674e+002	6.87648641e-002	
1.85593147e+002	6.54800498e-002	
1.85802620e+002	6.25132993e-002	
1.86012093e+002	5.93786635e-002	
1.86221566e+002	5.61056049e-002	
1.86431039e+002	5.30725666e-002	
1.86640512e+002	5.03245295e-002	
1.86849985e+002	4.74940390e-002	
1.87059458e+002	4.45939263e-002	
1.87268931e+002	4.17593899e-002	
1.87478404e+002	3.87648627e-002	
1.87687878e+002	3.60132612e-002	
1.87897351e+002	3.34404014e-002	
1.88106824e+002	3.10068430e-002	
1.88316297e+002	2.86441222e-002	
1.88525770e+002	2.62424626e-002	
1.88735243e+002	2.37571661e-002	
1.88944716e+002	2.15544620e-002	
1.89154189e+002	1.99635829e-002	
1.89363662e+002	1.85363771e-002	
1.89573135e+002	1.72555888e-002	
1.89782608e+002	1.63562007e-002	
1.89992081e+002	1.60017423e-002	
1.90201554e+002	1.60257244e-002	
1.90411028e+002	1.66453672e-002	
1.90620501e+002	1.80680348e-002	
1.90829974e+002	1.98978354e-002	
1.91039447e+002	2.17041504e-002	
1.91248920e+002	2.36131266e-002	
1.91458393e+002	2.58526329e-002	
1.91667866e+002	2.83399231e-002	
1.91877339e+002	3.07495472e-002	
1.92086812e+002	3.31873247e-002	
1.92296285e+002	3.56996073e-002	
1.92505758e+002	3.84637916e-002	
1.92715231e+002	4.14036339e-002	
1.92924704e+002	4.42205537e-002	
1.93134178e+002	4.67572532e-002	
1.93343651e+002	4.95972560e-002	
1.93553124e+002	5.27997860e-002	
1.93762597e+002	5.61793120e-002	
1.93972070e+002	5.97309514e-002	
1.94181543e+002	6.28050044e-002	
1.94391016e+002	6.55271859e-002	
1.94600489e+002	6.82137243e-002	
1.94809962e+002	7.16297889e-002	
1.95019435e+002	7.54603715e-002	
1.95228908e+002	7.89524942e-002	
1.95438381e+002	8.25897850e-002	
1.95647854e+002	8.54136848e-002	
1.95857328e+002	8.80362722e-002	
1.96066801e+002	9.08632166e-002	
1.96276274e+002	9.43835628e-002	
1.96485747e+002	9.80447566e-002	
1.96695220e+002	1.01864249e-001	
1.96904693e+002	1.05478184e-001	
1.97114166e+002	1.08995940e-001	
1.97323639e+002	1.12351971e-001	
1.97533112e+002	1.15358209e-001	
1.97742585e+002	1.18368747e-001	
1.97952058e+002	1.22037216e-001	
1.98161531e+002	1.25626038e-001	
1.98371004e+002	1.28816358e-001	
1.98580478e+002	1.31528485e-001	
1.98789951e+002	1.34783015e-001	
1.98999424e+002	1.38457524e-001	
1.99208897e+002	1.41956424e-001	
1.99418370e+002	1.44995967e-001	
1.99627843e+002	1.48168896e-001	
1.99837316e+002	1.51539704e-001	
2.00046789e+002	1.54419390e-001	
2.00256262e+002	1.57305137e-001	
2.00465735e+002	1.60223914e-001	
2.00675208e+002	1.62559753e-001	
2.00884681e+002	1.65146586e-001	
2.01094154e+002	1.68089095e-001	
2.01303628e+002	1.70905504e-001	
2.01513101e+002	1.73562450e-001	
2.01722574e+002	1.76241377e-001	
2.01932047e+002	1.78690098e-001	
2.02141520e+002	1.80961886e-001	
2.02350993e+002	1.83290463e-001	
2.02560466e+002	1.85648494e-001	
2.02769939e+002	1.87947845e-001	
2.02979412e+002	1.90092079e-001	
2.03188885e+002	1.92245543e-001	
2.03398358e+002	1.94376783e-001	
2.03607831e+002	1.96177911e-001	
2.03817304e+002	1.98134721e-001	
2.04026778e+002	2.00142339e-001	
2.04236251e+002	2.01960827e-001	
2.04445724e+002	2.03548025e-001	
2.04655197e+002	2.05099788e-001	
2.04864670e+002	2.06757894e-001	
2.05074143e+002	2.08587226e-001	
2.05283616e+002	2.10275737e-001	
2.05493089e+002	2.11846178e-001	
2.05702562e+002	2.13358635e-001	
2.05912035e+002	2.14716287e-001	
2.06121508e+002	2.15954957e-001	
2.06330981e+002	2.17203964e-001	
2.06540455e+002	2.18450172e-001	
2.06749928e+002	2.19386461e-001	
2.06959401e+002	2.19784521e-001	
2.07168874e+002	2.23958089e-001	
2.07378347e+002	2.24398622e-001	
2.07587820e+002	2.24821797e-001	
2.07797293e+002	2.25642539e-001	
2.08006766e+002	2.26659367e-001	
2.08216239e+002	2.27676403e-001	
2.08425712e+002	2.28693645e-001	
2.08635185e+002	2.29711090e-001	
2.08844658e+002	2.30746228e-001	
2.09054131e+002	2.31792241e-001	
2.09263605e+002	2.32838446e-001	
2.09473078e+002	2.33704172e-001	
2.09682551e+002	2.34487706e-001	
2.09892024e+002	2.35271311e-001	
2.10101497e+002	2.36054986e-001	
2.10310970e+002	2.36838730e-001	
2.10520443e+002	2.37622543e-001	
2.10729916e+002	2.38406424e-001	
2.10939389e+002	2.39190373e-001	
2.11148862e+002	2.39747410e-001	
2.11358335e+002	2.40303534e-001	
2.11567808e+002	2.40859709e-001	
2.11777281e+002	2.41415935e-001	
2.11986755e+002	2.42036195e-001	
2.12196228e+002	2.42689151e-001	
2.12405701e+002	2.43300776e-001	
2.12615174e+002	2.43905166e-001	
2.12824647e+002	2.44509605e-001	
2.13034120e+002	2.45169342e-001	
2.13243593e+002	2.45840259e-001	
2.13453066e+002	2.46511204e-001	
2.13662539e+002	2.47061257e-001	
2.13872012e+002	2.47460050e-001	
2.14081485e+002	2.47821521e-001	
2.14290958e+002	2.48183038e-001	
2.14500431e+002	2.48544600e-001	
2.14709905e+002	2.48906208e-001	
2.14919378e+002	2.49267860e-001	
2.15128851e+002	2.49629557e-001	
2.15338324e+002	2.49991298e-001	
2.15547797e+002	2.50353083e-001	
2.15757270e+002	2.50714913e-001	
2.15966743e+002	2.51052248e-001	
2.16176216e+002	2.51383109e-001	
2.16385689e+002	2.51605536e-001	
2.16595162e+002	2.51827963e-001	
2.16804635e+002	2.52056456e-001	
2.17014108e+002	2.52286540e-001	
2.17223581e+002	2.52516638e-001	
2.17433055e+002	2.52746752e-001	
2.17642528e+002	2.52976881e-001	
2.17852001e+002	2.53207025e-001	
2.18061474e+002	2.53437184e-001	
2.18270947e+002	2.53667357e-001	
2.18480420e+002	2.53848546e-001	
2.18689893e+002	2.54017007e-001	
2.18899366e+002	2.54185471e-001	
2.19108839e+002	2.54353936e-001	
2.19318312e+002	2.54522405e-001	
2.19527785e+002	2.54715554e-001	
2.19737258e+002	2.54942030e-001	
2.19946731e+002	2.55077630e-001	
2.20156205e+002	2.55145608e-001	
2.20365678e+002	2.55213600e-001	
2.20575151e+002	2.55281605e-001	
2.20784624e+002	2.55349623e-001	
2.20994097e+002	2.55417655e-001	
2.21203570e+002	2.55485700e-001	
2.21413043e+002	2.55553758e-001	
2.21622516e+002	2.55621829e-001	
2.21831989e+002	2.55689913e-001	
2.22041462e+002	2.55758011e-001	
2.22250935e+002	2.55826122e-001	
2.22460408e+002	2.55886731e-001	
2.22669881e+002	2.55876680e-001	
2.22879355e+002	2.55841172e-001	
2.23088828e+002	2.55805532e-001	
2.23298301e+002	2.55769898e-001	
2.23507774e+002	2.55734271e-001	
2.23717247e+002	2.55698652e-001	
2.23926720e+002	2.55663040e-001	
2.24136193e+002	2.55633461e-001	
2.24345666e+002	2.55604584e-001	
2.24555139e+002	2.55575713e-001	
2.24764612e+002	2.55534738e-001	
2.24974085e+002	2.55441065e-001	
2.25183558e+002	2.55359688e-001	
2.25393031e+002	2.55281795e-001	
2.25602505e+002	2.55203911e-001	
2.25811978e+002	2.55126036e-001	
2.26021451e+002	2.55048170e-001	
2.26230924e+002	2.54963299e-001	
2.26440397e+002	2.54800491e-001	
2.26649870e+002	2.54637693e-001	
2.26859343e+002	2.54474903e-001	
2.27068816e+002	2.54312124e-001	
2.27278289e+002	2.54134328e-001	
2.27487762e+002	2.53950153e-001	
2.27697235e+002	2.53766001e-001	
2.27906708e+002	2.53581869e-001	
2.28116181e+002	2.53348173e-001	
2.28325655e+002	2.53124857e-001	
2.28535128e+002	2.52902766e-001	
2.28744601e+002	2.52796746e-001	
2.28954074e+002	2.52745158e-001	
2.29163547e+002	2.51992406e-001	
2.29373020e+002	2.51879511e-001	
2.29582493e+002	2.51629952e-001	
2.29791966e+002	2.51339874e-001	
2.30001439e+002	2.51031605e-001	
2.30210912e+002	2.50713237e-001	
2.30420385e+002	2.50396637e-001	
2.30629858e+002	2.50110671e-001	
2.30839332e+002	2.49904534e-001	
2.31048805e+002	2.49039808e-001	
2.31258278e+002	2.48913988e-001	
2.31467751e+002	2.48680409e-001	
2.31677224e+002	2.48196227e-001	
2.31886697e+002	2.47720711e-001	
2.32096170e+002	2.47300216e-001	
2.32305643e+002	2.46879756e-001	
2.32515116e+002	2.46464650e-001	
2.32724589e+002	2.46076415e-001	
2.32934062e+002	2.45606284e-001	
2.33143535e+002	2.45078900e-001	
2.33353008e+002	2.44498800e-001	
2.33562482e+002	2.43918699e-001	
2.33771955e+002	2.43338599e-001	
2.33981428e+002	2.42758499e-001	
2.34190901e+002	2.42143576e-001	
2.34400374e+002	2.41495777e-001	
2.34609847e+002	2.40874522e-001	
2.34819320e+002	2.40253424e-001	
2.35028793e+002	2.39632485e-001	
2.35238266e+002	2.39011706e-001	
2.35447739e+002	2.38391088e-001	
2.35657212e+002	2.37897743e-001	
2.35866685e+002	2.37315593e-001	
2.36076158e+002	2.36387176e-001	
2.36285632e+002	2.35537506e-001	
2.36495105e+002	2.34688050e-001	
2.36704578e+002	2.33826074e-001	
2.36914051e+002	2.32959851e-001	
2.37123524e+002	2.32093746e-001	
2.37332997e+002	2.31227761e-001	
2.37542470e+002	2.30361897e-001	
2.37751943e+002	2.29496155e-001	
2.37961416e+002	2.28548626e-001	
2.38170889e+002	2.27585923e-001	
2.38380362e+002	2.26376256e-001	
2.38589835e+002	2.24802984e-001	
2.38799308e+002	2.23229958e-001	
2.39008782e+002	2.21657184e-001	
2.39218255e+002	2.20084667e-001	
2.39427728e+002	2.18512413e-001	
2.39637201e+002	2.16940427e-001	
2.39846674e+002	2.15586964e-001	
2.40056147e+002	2.14407303e-001	
2.40265620e+002	2.13228820e-001	
2.40475093e+002	2.12051534e-001	
2.40684566e+002	2.10875464e-001	
2.40894039e+002	2.09700632e-001	
2.41103512e+002	2.08527057e-001	
2.41312985e+002	2.07354762e-001	
2.41522458e+002	2.06183769e-001	
2.41731932e+002	2.04370074e-001	
2.41941405e+002	2.02281033e-001	
2.42150878e+002	2.00192760e-001	
2.42360351e+002	1.98105279e-001	
2.42569824e+002	1.96018617e-001	
2.42779297e+002	1.93911141e-001	
2.42988770e+002	1.91630579e-001	
2.43198243e+002	1.89350326e-001	
2.43407716e+002	1.87070392e-001	
2.43617189e+002	1.84790024e-001	
2.43826662e+002	1.82411859e-001	
2.44036135e+002	1.80039051e-001	
2.44245608e+002	1.77671816e-001	
2.44455082e+002	1.75310379e-001	
2.44664555e+002	1.72954978e-001	
2.44874028e+002	1.70605863e-001	
2.45083501e+002	1.68508369e-001	
2.45292974e+002	1.66475945e-001	
2.45502447e+002	1.63661207e-001	
2.45711920e+002	1.60360604e-001	
2.45921393e+002	1.56918252e-001	
2.46130866e+002	1.53478057e-001	
2.46340339e+002	1.50040166e-001	
2.46549812e+002	1.46604740e-001	
2.46759285e+002	1.43171959e-001	
2.46968758e+002	1.39742016e-001	
2.47178232e+002	1.36315126e-001	
2.47387705e+002	1.32891525e-001	
2.47597178e+002	1.29471474e-001	
2.47806651e+002	1.26055261e-001	
2.48016124e+002	1.22351416e-001	
2.48225597e+002	1.18531310e-001	
2.48435070e+002	1.14668312e-001	
2.48644543e+002	1.10862145e-001	
2.48854016e+002	1.07648587e-001	
2.49063489e+002	1.04435273e-001	
2.49272962e+002	1.01222226e-001	
2.49482435e+002	9.80094742e-002	
2.49691908e+002	9.47970458e-002	
2.49901382e+002	9.15475287e-002	
2.50110855e+002	8.80332171e-002	
2.50320328e+002	8.43832067e-002	
2.50529801e+002	8.07441707e-002	
2.50739274e+002	7.72572337e-002	
2.50948747e+002	7.38988170e-002	
2.51158220e+002	7.05635271e-002	
2.51367693e+002	6.76587068e-002	
2.51577166e+002	6.48045308e-002	
2.51786639e+002	6.19550909e-002	
2.51996112e+002	5.91110722e-002	
2.52205585e+002	5.60108557e-002	
2.52415058e+002	5.28886344e-002	
2.52624532e+002	5.06392722e-002	
2.52834005e+002	4.95161071e-002	
2.53043478e+002	4.23823745e-002	
2.53252951e+002	4.12180994e-002	
2.53462424e+002	3.90494498e-002	
2.53671897e+002	3.62653934e-002	
2.53881370e+002	3.34910035e-002	
2.54090843e+002	3.10033796e-002	
2.54300316e+002	2.86392059e-002	
2.54509789e+002	2.64217139e-002	
2.54719262e+002	2.43673697e-002	
2.54928735e+002	2.24076610e-002	
2.55138209e+002	2.09662735e-002	
2.55347682e+002	1.95111096e-002	
2.55557155e+002	1.81776424e-002	
2.55766628e+002	1.72018315e-002	
2.55976101e+002	1.69561675e-002	
2.56185574e+002	1.72764058e-002	
2.56395047e+002	1.78912729e-002	
2.56604520e+002	1.91465965e-002	
2.56813993e+002	2.03552694e-002	
2.57023466e+002	2.24844923e-002	
2.57232939e+002	2.46159068e-002	
2.57442412e+002	2.65910597e-002	
2.57651885e+002	2.89227382e-002	
2.57861359e+002	3.14992383e-002	
2.58070832e+002	3.36777079e-002	
2.58280305e+002	3.63745482e-002	
2.58489778e+002	3.96086210e-002	
2.58699251e+002	4.20278603e-002	
2.58908724e+002	4.44531067e-002	
2.59118197e+002	4.69368682e-002	
2.59327670e+002	5.01543703e-002	
2.59537143e+002	5.30782040e-002	
2.59746616e+002	5.58217191e-002	
2.59956089e+002	5.93833708e-002	
2.60165562e+002	6.28210408e-002	
2.60375035e+002	6.57394681e-002	
2.60584509e+002	6.84562712e-002	
2.60793982e+002	7.17247889e-002	
2.61003455e+002	7.50044117e-002	
2.61212928e+002	7.80929518e-002	
2.61422401e+002	8.14184844e-002	
2.61631874e+002	8.49082558e-002	
2.61841347e+002	8.82671683e-002	
2.62050820e+002	9.15037539e-002	
2.62260293e+002	9.47972502e-002	
2.62469766e+002	9.80309492e-002	
2.62679239e+002	1.01645100e-001	
2.62888712e+002	1.05348741e-001	
2.63098185e+002	1.08908248e-001	
2.63307659e+002	1.12002775e-001	
2.63517132e+002	1.15128632e-001	
2.63726605e+002	1.18574145e-001	
2.63936078e+002	1.21988008e-001	
2.64145551e+002	1.25417232e-001	
2.64355024e+002	1.29094113e-001	
2.64564497e+002	1.32433552e-001	
2.64773970e+002	1.35617587e-001	
2.64983443e+002	1.38637126e-001	
2.65192916e+002	1.41679500e-001	
2.65402389e+002	1.44653872e-001	
2.65611862e+002	1.48113524e-001	
2.65821335e+002	1.51589041e-001	
2.66030809e+002	1.54256329e-001	
2.66240282e+002	1.56879755e-001	
2.66449755e+002	1.59916117e-001	
2.66659228e+002	1.63029524e-001	
2.66868701e+002	1.66312422e-001	
2.67078174e+002	1.68566411e-001	
2.67287647e+002	1.70598564e-001	
2.67497120e+002	1.73184519e-001	
2.67706593e+002	1.76458269e-001	
2.67916066e+002	1.78953771e-001	
2.68125539e+002	1.81197401e-001	
2.68335012e+002	1.83495619e-001	
2.68544485e+002	1.85888677e-001	
2.68753959e+002	1.88046576e-001	
2.68963432e+002	1.90116910e-001	
2.69172905e+002	1.92356745e-001	
2.69382378e+002	1.94620278e-001	
2.69591851e+002	1.96419846e-001	
2.69801324e+002	1.97962658e-001	
2.70010797e+002	1.99594927e-001	
2.70220270e+002	2.02152069e-001	
2.70429743e+002	2.03858678e-001	
2.70639216e+002	2.05652682e-001	
2.70848689e+002	2.07259254e-001	
2.71058162e+002	2.08821084e-001	
2.71267635e+002	2.10379446e-001	
2.71477109e+002	2.11873588e-001	
2.71686582e+002	2.13386462e-001	
2.71896055e+002	2.14860947e-001	
2.72105528e+002	2.16324731e-001	
2.72315001e+002	2.17629051e-001	
2.72524474e+002	2.18995689e-001	
2.72733947e+002	2.20385925e-001	
2.72943420e+002	2.21708381e-001	
2.73152893e+002	2.22821461e-001	
2.73362366e+002	2.23863956e-001	
2.73571839e+002	2.24972129e-001	
2.73781312e+002	2.26133666e-001	
2.73990785e+002	2.27184790e-001	
2.74200259e+002	2.28165841e-001	
2.74409732e+002	2.29171751e-001	
2.74619205e+002	2.30166048e-001	
2.74828678e+002	2.31114789e-001	
2.75038151e+002	2.32069020e-001	
2.75247624e+002	2.32994758e-001	
2.75457097e+002	2.33747822e-001	
2.75666570e+002	2.34487053e-001	
2.75876043e+002	2.35489733e-001	
2.76085516e+002	2.36451871e-001	
2.76294989e+002	2.37110285e-001	
2.76504462e+002	2.37725988e-001	
2.76713936e+002	2.38484605e-001	
2.76923409e+002	2.39313548e-001	
2.77132882e+002	2.39961916e-001	
2.77342355e+002	2.40579028e-001	
2.77551828e+002	2.41238030e-001	
2.77761301e+002	2.41848096e-001	
2.77970774e+002	2.42432758e-001	
2.78180247e+002	2.43052064e-001	
2.78389720e+002	2.43623461e-001	
2.78599193e+002	2.44171584e-001	
2.78808666e+002	2.44700158e-001	
2.79018139e+002	2.45171759e-001	
2.79227612e+002	2.45639040e-001	
2.79437086e+002	2.46123484e-001	
2.79646559e+002	2.46625417e-001	
2.79856032e+002	2.47071986e-001	
2.80065505e+002	2.47508267e-001	
2.80274978e+002	2.47928876e-001	
2.80484451e+002	2.48358690e-001	
2.80693924e+002	2.48735534e-001	
2.80903397e+002	2.49111852e-001	
2.81112870e+002	2.49526831e-001	
2.81322343e+002	2.49915970e-001	
2.81531816e+002	2.50230405e-001	
2.81741289e+002	2.50544916e-001	
2.81950762e+002	2.50861314e-001	
2.82160236e+002	2.51189186e-001	
2.82369709e+002	2.51516075e-001	
2.82579182e+002	2.51822649e-001	
2.82788655e+002	2.52063114e-001	
2.82998128e+002	2.52333514e-001	
2.83207601e+002	2.52591464e-001	
2.83417074e+002	2.52804004e-001	
2.83626547e+002	2.53023263e-001	
2.83836020e+002	2.53270145e-001	
2.84045493e+002	2.53497003e-001	
2.84254966e+002	2.53669710e-001	
2.84464439e+002	2.53882171e-001	
2.84673912e+002	2.54112054e-001	
2.84883386e+002	2.54257486e-001	
2.85092859e+002	2.54379507e-001	
2.85302332e+002	2.54546425e-001	
2.85511805e+002	2.54727592e-001	
2.85721278e+002	2.54867382e-001	
2.85930751e+002	2.54983849e-001	
2.86140224e+002	2.55089643e-001	
2.86349697e+002	2.55199661e-001	
2.86559170e+002	2.55307572e-001	
2.86768643e+002	2.55415596e-001	
2.86978116e+002	2.55486377e-001	
2.87187589e+002	2.55553482e-001	
2.87397062e+002	2.55624412e-001	
2.87606536e+002	2.55694034e-001	
2.87816009e+002	2.55750962e-001	
2.88025482e+002	2.55796570e-001	
2.88234955e+002	2.55827556e-001	
2.88444428e+002	2.55853621e-001	
2.88653901e+002	2.55869977e-001	
2.88863374e+002	2.55874328e-001	
2.89072847e+002	2.55877802e-001	
2.89282320e+002	2.55885410e-001	
2.89491793e+002	2.55866356e-001	
2.89701266e+002	2.55844037e-001	
2.89910739e+002	2.55815093e-001	
2.90120212e+002	2.55768994e-001	
2.90329686e+002	2.55708510e-001	
2.90539159e+002	2.55652420e-001	
2.90748632e+002	2.55598221e-001	
2.90958105e+002	2.55520693e-001	
2.91167578e+002	2.55436105e-001	
2.91377051e+002	2.55339324e-001	
2.91586524e+002	2.55234036e-001	
2.91795997e+002	2.55124453e-001	
2.92005470e+002	2.55022775e-001	
2.92214943e+002	2.54900620e-001	
2.92424416e+002	2.54757916e-001	
2.92633889e+002	2.54614973e-001	
2.92843362e+002	2.54459168e-001	
2.93052836e+002	2.54299006e-001	
2.93262309e+002	2.54134691e-001	
2.93471782e+002	2.53955466e-001	
2.93681255e+002	2.53770850e-001	
2.93890728e+002	2.53557195e-001	
2.94100201e+002	2.53324110e-001	
2.94309674e+002	2.53101929e-001	
2.94519147e+002	2.52884042e-001	
2.94728620e+002	2.52664833e-001	
2.94938093e+002	2.52407893e-001	
2.95147566e+002	2.52127731e-001	
2.95357039e+002	2.51832380e-001	
2.95566512e+002	2.51551340e-001	
2.95775986e+002	2.51278988e-001	
2.95985459e+002	2.51011994e-001	
2.96194932e+002	2.50673519e-001	
2.96404405e+002	2.50332719e-001	
2.96613878e+002	2.49951699e-001	
2.96823351e+002	2.49587315e-001	
2.97032824e+002	2.49237585e-001	
2.97242297e+002	2.48886839e-001	
2.97451770e+002	2.48536954e-001	
2.97661243e+002	2.48168263e-001	
2.97870716e+002	2.47688476e-001	
2.98080189e+002	2.47230707e-001	
2.98289662e+002	2.46796682e-001	
2.98499136e+002	2.46324550e-001	
2.98708609e+002	2.45780080e-001	
2.98918082e+002	2.45282661e-001	
2.99127555e+002	2.44797891e-001	
2.99337028e+002	2.44280447e-001	
2.99546501e+002	2.43770994e-001	
2.99755974e+002	2.43207460e-001	
2.99965447e+002	2.42630705e-001	
3.00174920e+002	2.42017106e-001	
3.00384393e+002	2.41421079e-001	
3.00593866e+002	2.40825485e-001	
3.00803339e+002	2.40189436e-001	
3.01012813e+002	2.39479067e-001	
3.01222286e+002	2.38765325e-001	
3.01431759e+002	2.38003479e-001	
3.01641232e+002	2.37272154e-001	
3.01850705e+002	2.36521636e-001	
3.02060178e+002	2.35787140e-001	
3.02269651e+002	2.34999041e-001	
3.02479124e+002	2.34127506e-001	
3.02688597e+002	2.33318875e-001	
3.02898070e+002	2.32442155e-001	
3.03107543e+002	2.31347892e-001	
3.03317016e+002	2.30396392e-001	
3.03526489e+002	2.29505085e-001	
3.03735963e+002	2.28594616e-001	
3.03945436e+002	2.27565483e-001	
3.04154909e+002	2.26433784e-001	
3.04364382e+002	2.25291337e-001	
3.04573855e+002	2.24129648e-001	
3.04783328e+002	2.23057944e-001	
3.04992801e+002	2.22008667e-001	
3.05202274e+002	2.20761278e-001	
3.05411747e+002	2.19444329e-001	
3.05621220e+002	2.18112445e-001	
3.05830693e+002	2.16784183e-001	
3.06040166e+002	2.15422370e-001	
3.06249639e+002	2.13836764e-001	
3.06459113e+002	2.12160796e-001	
3.06668586e+002	2.10908830e-001	
3.06878059e+002	2.09951482e-001	
3.07087532e+002	2.08149132e-001	
3.07297005e+002	2.06220897e-001	
3.07506478e+002	2.04312103e-001	
3.07715951e+002	2.02556434e-001	
3.07925424e+002	2.00765437e-001	
3.08134897e+002	1.98729902e-001	
3.08344370e+002	1.96787615e-001	
3.08553843e+002	1.94986012e-001	
3.08763316e+002	1.92765585e-001	
3.08972789e+002	1.90724861e-001	
3.09182263e+002	1.88573038e-001	
3.09391736e+002	1.86262389e-001	
3.09601209e+002	1.84223023e-001	
3.09810682e+002	1.81941791e-001	
3.10020155e+002	1.79599700e-001	
3.10229628e+002	1.77081949e-001	
3.10439101e+002	1.74548046e-001	
3.10648574e+002	1.72189458e-001	
3.10858047e+002	1.69553407e-001	
3.11067520e+002	1.66727454e-001	
3.11276993e+002	1.64012401e-001	
3.11486466e+002	1.61307090e-001	
3.11695939e+002	1.58196138e-001	
3.11905413e+002	1.54576236e-001	
3.12114886e+002	1.51850106e-001	
3.12324359e+002	1.49343868e-001	
3.12533832e+002	1.46120561e-001	
3.12743305e+002	1.42956625e-001	
3.12952778e+002	1.39719211e-001	
3.13162251e+002	1.36360212e-001	
3.13371724e+002	1.32856758e-001	
3.13581197e+002	1.29735489e-001	
3.13790670e+002	1.26797883e-001	
3.14000143e+002	1.23867431e-001	
